NOAA 15                 
1 25338U 98030A   19210.46579955  .00000051  00000-0  40009-4 0  9997
2 25338  98.7451 231.6558 0011465 121.5467 238.6834 14.25923881103067
NOAA 18                 
1 28654U 05018A   19210.36851208  .00000061  00000-0  57655-4 0  9994
2 28654  99.0929 257.9415 0015200  65.8279 294.4479 14.12440970731263
METOP-A                 
1 29499U 06044A   19210.86619687 -.00000006  00000-0  16603-4 0  9998
2 29499  98.5714 262.8803 0001982  96.8172 352.1028 14.21488644662918
NOAA 19                 
1 33591U 09005A   19210.49433230  .00000070  00000-0  63172-4 0  9996
2 33591  99.1814 202.6082 0012894 263.9034  96.0667 14.12367992539663
METOP-B                 
1 38771U 12049A   19210.78124587 -.00000019  00000-0  11400-4 0  9998
2 38771  98.7005 269.5315 0001358 142.4878 326.4196 14.21493178356037
SARAL                   
1 39086U 13009A   19209.90346468  .00000003  00000-0  17475-4 0  9991
2 39086  98.5420  35.4639 0002007 107.8371 252.3031 14.32008268335553
METOP-C                 
1 43689U 18087A   19210.80697842 -.00000044  00000-0  00000+0 0  9999
2 43689  98.7008 269.8719 0001970 180.5477 179.5677 14.21491079 37612
