BEIJING 1               
1 28890U 05043A   18311.23880182  .00000036  00000-0  16376-4 0  9991
2 28890  97.9489  90.1213 0014951 356.9452   3.1656 14.61238566694614
HJ-1A                   
1 33320U 08041A   18311.17682936  .00000100  00000-0  21307-4 0  9998
2 33320  97.8720  10.5081 0025735 181.3871 178.7283 14.76970145547761
HJ-1B                   
1 33321U 08041B   18311.22113790  .00000130  00000-0  25496-4 0  9998
2 33321  97.8788  12.1958 0034095 199.4474 160.5449 14.77065000547764
YAOGAN 4                
1 33446U 08061A   18311.15946462  .00000094  00000-0  20070-4 0  9992
2 33446  97.6441 284.6133 0017688  90.3551 269.9687 14.76901020534990
DEIMOS-1                
1 35681U 09041A   18311.21584703  .00000168  00000-0  34642-4 0  9999
2 35681  97.8897 195.1577 0002650 110.8220 249.3269 14.71756887497868
UK-DMC 2                
1 35683U 09041C   18311.10073915  .00001677  00000-0  28052-3 0  9990
2 35683  97.7649 173.4627 0001367  87.2724 272.8607 14.71057019497676
RISAT 1                 
1 38248U 12017A   18311.02741477  .00000744  00000-0  50156-4 0  9998
2 38248  97.5717 317.4118 0005248  94.1591 343.6099 15.09652443359848
DMC3-FM1                
1 40715U 15032A   18311.04879820  .00000009  00000-0  91068-5 0  9998
2 40715  97.9881 205.5113 0015216 316.2155  43.7855 14.73672860178996
DMC3-FM2                
1 40716U 15032B   18311.20804787 -.00000004  00000-0  71031-5 0  9991
2 40716  97.9894 205.8575 0012645 325.9410  34.0988 14.73682798179026
DMC3-FM3                
1 40717U 15032C   18311.16203992 -.00000072  00000-0 -32191-5 0  9998
2 40717  97.9892 206.5079 0016079 316.3236  43.6783 14.73671275179013
