PROBA-1                 
1 26958U 01049B   16109.49443918  .00001195  00000-0  10984-3 0  9994
2 26958  97.5092  87.1285 0072901 313.2107  46.3042 14.94702597788078
BIRD 2                  
1 26959U 01049C   16109.33528256  .00004488  00000-0  14735-3 0  9993
2 26959  97.7603  28.8598 0011968  84.6347 275.6259 15.32083906801228
CUTE-1 (CO-55)          
1 27844U 03031E   16108.93827582  .00000135  00000-0  81032-4 0  9999
2 27844  98.6940 118.0870 0010632 132.6598 227.5477 14.21937169663848
CUBESAT XI-IV (CO-57)   
1 27848U 03031J   16108.75439766  .00000109  00000-0  69620-4 0  9996
2 27848  98.7037 117.9682 0010416 140.7174 219.4761 14.21565013663727
GENESIS 1               
1 29252U 06029A   16109.57443200  .00001893  00000-0  10751-3 0  9997
2 29252  64.5063 231.4017 0035865 233.1387 181.7720 15.15877109537452
FALCONSAT-3             
1 30776U 07006E   16109.50160833  .00006729  00000-0  23501-3 0  9997
2 30776  35.4385 234.4870 0000513 172.4049 187.6683 15.28959611503146
GENESIS 2               
1 31789U 07028A   16108.80828856  .00001595  00000-0  92735-4 0  9996
2 31789  64.5050 270.3629 0052825 274.3922  85.1165 15.15125151484436
APRIZESAT 4             
1 35684U 09041D   16108.82082133  .00000325  00000-0  50736-4 0  9998
2 35684  98.0919  41.7200 0048203  29.2799  32.4631 14.78863570362204
APRIZESAT 3             
1 35686U 09041F   16109.54312570  .00000489  00000-0  59292-4 0  9998
2 35686  98.2412  86.1481 0072587 314.3755  45.1528 14.86835737364089
PROBA-2                 
1 36037U 09059B   16109.11328112  .00000083  00000-0  31097-4 0  9993
2 36037  98.2666 302.9652 0012868 200.0248 160.0444 14.52941308342405
APRIZESAT 5             
1 37792U 11044E   16109.39046495  .00000270  00000-0  47478-4 0  9998
2 37792  98.2775 235.3588 0057796 325.0173  34.7243 14.74945137251238
APRIZESAT 6             
1 37793U 11044F   16109.54253605  .00000250  00000-0  47763-4 0  9994
2 37793  98.2404 225.1471 0046744 343.9957  74.0894 14.72043196250797
TET-1                   
1 38710U 12039D   16108.77885889  .00007574  00000-0  18440-3 0  9993
2 38710  97.4976  45.1728 0001360  26.8913 333.2404 15.41234308208638
STSAT-2C                
1 39068U 13003A   16108.95366251  .00039080 -28643-6  47233-3 0  9998
2 39068  80.2287 286.7612 0466022   0.8543 359.3351 14.87826718168711
PROBA-V                 
1 39159U 13021A   16109.49986320  .00000003  00000-0  20598-4 0  9993
2 39159  98.6340 188.6234 0004607 151.1033 209.0402 14.22918095153201
CUSAT 1                 
1 39266U 13055B   16108.92060008  .00015456  00000-0  44812-3 0  9994
2 39266  80.9861  90.3956 0685106  28.2882 335.3771 14.23762982131365
STPSAT-3                
1 39380U 13064A   16109.12400457  .00004504  00000-0  14879-3 0  9992
2 39380  40.5007 129.7928 0005326 244.7517 115.2744 15.32102613134517
APRIZESAT 7             
1 39416U 13066A   16108.72629565  .00000286  00000-0  40616-4 0  9994
2 39416  97.6923 169.7724 0040818 207.8679 152.0349 14.83514415130113
APRIZESAT 8             
1 39425U 13066K   16109.13798934  .00000267  00000-0  40552-4 0  9995
2 39425  97.6871 166.3272 0051405 214.5868 145.1998 14.80786129129992
BUGSAT-1 (TITA)         
1 40014U 14033E   16109.49707301  .00000844  00000-0  83700-4 0  9996
2 40014  97.9533  22.7579 0031272 295.0589  64.7389 14.94247429 99777
SAUDISAT 4              
1 40016U 14033G   16109.52702033  .00000160  00000-0  30991-4 0  9994
2 40016  97.9134   1.7824 0047684 213.8585 145.9577 14.74995373 98556
TABLETSAT-AURORA        
1 40017U 14033H   16109.56369270  .00000848  00000-0  88615-4 0  9990
2 40017  97.9482  20.3507 0022778 293.5158  66.3684 14.92240085 99645
APRIZESAT 9             
1 40018U 14033J   16109.47379507  .00000142  00000-0  31377-4 0  9995
2 40018  97.9027 355.7777 0070626 226.6808 132.8497 14.69691562 98092
APRIZESAT 10            
1 40019U 14033K   16109.49497483  .00000117  00000-0  28781-4 0  9999
2 40019  97.8975 352.5769 0083360 234.6024 124.7374 14.66772355 97953
AISAT                   
1 40054U 14034B   16109.31988672  .00001217  00000-0  18252-3 0  9998
2 40054  98.1940 196.7098 0012134 331.4001  28.6541 14.76444981 97010
CANX-4                  
1 40055U 14034C   16109.23356805  .00000338  00000-0  58865-4 0  9995
2 40055  98.1942 195.7181 0013810 343.5480  16.5278 14.74408091 96924
CANX-5                  
1 40056U 14034D   16109.23362898  .00000347  00000-0  60162-4 0  9998
2 40056  98.1942 195.7174 0013843 343.8327  16.2437 14.74409210 96924
TDS 1                   
1 40076U 14037H   16109.48436910  .00000264  00000-0  41248-4 0  9999
2 40076  98.3232 198.1888 0006156  11.5050 348.6309 14.81169478 96152
TIANTUO 2               
1 40144U 14053B   16109.42146519  .00002487  00000-0  83062-4 0  9999
2 40144  97.3529 189.2508 0012031 354.7614 134.7386 15.31931925 89930
