TDRS 3                  
1 19548U 88091B   17052.08476175 -.00000300  00000-0  00000+0 0  9999
2 19548  14.8771   9.3500 0039365 310.6518 159.2211  1.00265588 91246
SKYNET 4C               
1 20776U 90079A   17051.53634367  .00000126  00000-0  00000+0 0  9996
2 20776  13.7739  17.2859 0003651 318.9793  41.0236  1.00280116 96810
TDRS 5                  
1 21639U 91054B   17051.26622476  .00000085  00000-0  00000+0 0  9991
2 21639  14.2986  22.6631 0025439 335.9297  80.0021  1.00278065 93578
TDRS 6                  
1 22314U 93003B   17051.31415010 -.00000295  00000-0  00000+0 0  9992
2 22314  13.8170  25.5692 0007990 294.6419 257.5606  1.00273244 88249
INTELSAT 701 (IS-701)   
1 22871U 93066A   17051.31477606 -.00000226  00000-0  00000+0 0  9992
2 22871   3.9751  67.6470 0004003 262.4418 264.1449  1.00272406 85220
ASTRA 1D                
1 23331U 94070A   17051.43457647 -.00000293  00000-0  00000+0 0  9990
2 23331   7.3849  50.1449 0004136 270.0710 299.4494  1.00274591 82032
BRASILSAT B2            
1 23536U 95016A   17051.48362955 -.00000285  00000-0  00000+0 0  9991
2 23536   7.0096  51.9934 0002620 299.6063 265.1020  1.00273923 80189
AMSC 1                  
1 23553U 95019A   17049.98654988 -.00000121  00000-0  00000+0 0  9994
2 23553   9.9332  40.9331 0003533 287.5020  72.5341  1.00272371 80029
TDRS 7                  
1 23613U 95035B   17051.61688873 -.00000202  00000-0  00000+0 0  9992
2 23613  14.9329  16.3723 0023086  17.4741  63.8290  1.00272196 79024
ECHOSTAR 1              
1 23754U 95073A   17052.05673104 -.00000250  00000-0  00000+0 0  9993
2 23754   0.5681  90.9281 0003414 275.6165  87.7740  1.00272823 77323
INMARSAT 3-F1           
1 23839U 96020A   17050.99700948 -.00000001  00000-0  00000+0 0  9992
2 23839   3.7624  68.0584 0006106 263.6202 241.8209  1.00272154 76487
ASTRA 1F                
1 23842U 96021A   17052.12327472  .00000130  00000-0  00000+0 0  9993
2 23842   0.0582 307.6693 0003597  27.7679 264.4623  1.00274031 76202
MSAT M1                 
1 23846U 96022A   17051.01976015 -.00000090  00000-0  00000+0 0  9994
2 23846   7.5741  49.6881 0005391 284.5730  75.4834  1.00272554 76305
INMARSAT 3-F2           
1 24307U 96053A   17051.30808755 -.00000133  00000-0  00000+0 0  9996
2 24307   2.3902  78.3165 0007719 243.6148 283.8958  1.00272366 74894
AMC-1 (GE-1)            
1 24315U 96054A   17051.18056091  .00000050  00000-0  00000+0 0  9997
2 24315   1.3249  85.7001 0002736 244.6114 115.8169  1.00272309 74890
AFRICASAT-2 (MEASAT-2)  
1 24653U 96063B   17051.55725576 -.00000233  00000-0  00000+0 0  9998
2 24653   7.3058  50.5681 0009297 199.4080 249.2953  1.00271483 74223
EUTELSAT 48A            
1 24665U 96067A   17051.61513509  .00000108  00000-0  00000+0 0  9993
2 24665   6.1655  55.8885 0005955 279.4228  85.0650  1.00272285 74557
INMARSAT 3-F3           
1 24674U 96070A   17050.58223793  .00000028  00000-0  00000+0 0  9996
2 24674   3.2022  72.3539 0005450 261.8897 203.1607  1.00274105 73827
AMC-2 (GE-2)            
1 24713U 97002A   17051.47753000 -.00000219  00000-0  00000+0 0  9997
2 24713   4.1201  66.5662 0004927 270.4422 260.6143  1.00270849 24190
INTELSAT 26 (IS-26)     
1 24732U 97007A   17051.93320278 -.00000002  00000-0  00000+0 0  9991
2 24732   7.2809  50.8797 0002985 302.1817 198.1504  1.00272637 73150
GALAXY 25 (G-25)        
1 24812U 97026A   17050.84206138 -.00000173  00000-0  00000+0 0  9997
2 24812   0.0243  91.6759 0004144 242.5527  25.7259  1.00285614 72225
ABS-3                   
1 24901U 97042A   17052.05611177 -.00000198  00000-0  00000+0 0  9999
2 24901   4.6769  63.9376 0009199 275.3972 277.2815  1.00271230 71407
INTELSAT 5 (IS-5)       
1 24916U 97046A   17051.34572118 -.00000150  00000-0  00000+0 0  9999
2 24916   3.3191  71.6896 0003948 247.6630 112.5470  1.00271990 71489
METEOSAT-7              
1 24932U 97049B   17050.53057772  .00000043  00000-0  00000+0 0  9994
2 24932  10.5165  38.3085 0001661 295.9186  64.1324  1.00273169 71288
AMC-3 (GE-3)            
1 24936U 97050A   17051.45052560 -.00000268  00000-0  00000+0 0  9992
2 24936   0.1351  92.2409 0002590 244.0545 264.4374  1.00272778 71318
NSS-5                   
1 24957U 97053A   17051.80878479  .00000100  00000-0  00000+0 0  9996
2 24957   3.6144  69.8967 0003620 271.5559 151.0884  1.00273314 71115
ECHOSTAR 3              
1 25004U 97059A   17049.98289965 -.00000293  00000-0  00000-0 0  9993
2 25004   1.9152  80.7871 0000911 228.6920 131.6639  1.00273715 70914
JCSAT-1B                
1 25067U 97075A   17050.74146677 -.00000215  00000-0  00000+0 0  9991
2 25067   5.3572  59.6500 0006729 251.8591 255.2496  1.00270637 70415
ASTRA 1G                
1 25071U 97076A   17052.12581353  .00000099  00000-0  00000+0 0  9994
2 25071   2.0865  78.8409 0003162 257.4948 271.2289  1.00271892 70418
BRASILSAT B3            
1 25152U 98006A   17050.95084758 -.00000292  00000-0  00000+0 0  9990
2 25152   3.8114  68.9389 0001956 253.0778 107.1257  1.00269761 69796
INMARSAT 3-F5           
1 25153U 98006B   17050.24716079 -.00000297  00000-0  00000+0 0  9996
2 25153   2.3413  74.4112 0004588 262.3013 207.6058  1.00269651 69746
NSS-806                 
1 25239U 98014A   17051.51091769 -.00000287  00000-0  00000+0 0  9992
2 25239   0.0749 314.9210 0004916  21.2378 310.8905  1.00272709 69522
CHINASAT 5A (ZX 5A)     
1 25354U 98033A   17051.59150544 -.00000362  00000-0  00000+0 0  9990
2 25354   0.9979  87.9192 0005151 198.5822 202.6367  1.00268666 73111
THOR III                
1 25358U 98035A   17050.76218539 -.00000051  00000-0  00000+0 0  9998
2 25358   5.2209  59.8126 0002588 270.9484  89.1950  1.00271796 68572
INTELSAT 805 (IS-805)   
1 25371U 98037A   17050.69631659 -.00000040  00000-0  00000+0 0  9997
2 25371   0.0517 287.1632 0003183  60.8185 221.4978  1.00272334 68420
ASTRA 2A                
1 25462U 98050A   17051.59703758 -.00000368  00000-0  00000+0 0  9996
2 25462   0.0968 259.7201 0002047  70.2131 149.1922  1.00274295 67615
AFRISTAR                
1 25515U 98063A   17051.75205189  .00000116  00000-0  00000+0 0  9992
2 25515   3.0753  70.0389 0004343 266.0254 106.5020  1.00274124 67002
JCSAT-4A                
1 25630U 99006A   17052.04908941 -.00000165  00000-0  00000+0 0  9992
2 25630   2.0568  80.6330 0001786 264.4453 265.6823  1.00272249 65874
SKYNET 4E               
1 25639U 99009B   17048.96555025  .00000016  00000-0  00000+0 0  9995
2 25639  10.0258  29.5438 0003601 258.2129 214.0110  1.00269878 65868
ASIASAT 3S              
1 25657U 99013A   17051.73009720 -.00000245  00000-0  00000+0 0  9990
2 25657   2.2723  78.8623 0003124 259.9902 220.8639  1.00272158 65695
NIMIQ 1                 
1 25740U 99027A   17052.20055233 -.00000207  00000-0  00000+0 0  9999
2 25740   0.0454 291.0547 0006128  50.9639 154.9379  1.00272267 65084
ASTRA 1H                
1 25785U 99033A   17052.12327472  .00000130  00000-0  00000+0 0  9997
2 25785   3.5995  70.0527 0003081 260.2718 268.7457  1.00274534 64666
TELKOM 1                
1 25880U 99042A   17051.59689274 -.00000353  00000-0  00000+0 0  9992
2 25880   0.0426 246.4391 0001785  89.6109 137.5384  1.00271623 64227
ABS-7                   
1 25894U 99046A   17051.74524521 -.00000371  00000-0  00000+0 0  9991
2 25894   0.0388 265.6801 0002218 107.9024 161.6615  1.00271117 63019
ABS-6                   
1 25924U 99053A   17050.14353388 -.00000129  00000-0  00000-0 0  9999
2 25924   0.0481 282.7110 0002392  53.4296  23.8224  1.00271894 63746
TELSTAR 12 (ORION 2)    
1 25949U 99059A   17052.20187116 -.00000071  00000-0  00000+0 0  9990
2 25949   0.6909  89.2918 0002894 249.8268 135.6429  1.00272895 63401
AMC-4 (GE-4)            
1 25954U 99060A   17050.76976919 -.00000282  00000-0  00000+0 0  9998
2 25954   0.0165 260.9156 0001455 137.3707 321.6991  1.00271913 63353
GALAXY 11 (G-11)        
1 26038U 99071A   17052.12614226  .00000128  00000-0  00000+0 0  9994
2 26038   0.0305 332.6940 0001419  51.2984 217.5947  1.00271296 62977
HISPASAT 1C             
1 26071U 00007A   17051.14214866 -.00000221  00000-0  00000+0 0  9994
2 26071   0.3220  88.0134 0008354 268.7638 120.8643  1.00273672 62504
SUPERBIRD-B2            
1 26095U 00012A   17052.21148926 -.00000102  00000-0  00000+0 0  9996
2 26095   0.1555  98.1034 0003250 238.5972  52.6862  1.00271714 62315
ASIASTAR                
1 26107U 00016A   17051.03554965 -.00000342  00000-0  00000+0 0  9993
2 26107   1.4328  82.1758 0004248 252.0555 293.7101  1.00274238 62018
EUTELSAT 16C            
1 26243U 00019A   17050.93107477  .00000082  00000-0  00000+0 0  9997
2 26243   4.0474  66.9316 0003553 260.6609 172.0961  1.00270864 61656
EUTELSAT 36A            
1 26369U 00028A   17051.90885472 -.00000150  00000-0  00000+0 0  9999
2 26369   0.7724  84.8259 0001793 260.2042 213.6679  1.00271726 61355
TDRS 8                  
1 26388U 00034A   17051.49290090 -.00000231  00000-0  00000+0 0  9997
2 26388   7.2967  56.8427 0008492 227.3644 132.6914  1.00263904 61045
ECHOSTAR 6              
1 26402U 00038A   17051.11159403 -.00000156  00000-0  00000+0 0  9995
2 26402   3.9634  67.7274 0003725 267.8596 118.5939  1.00272190 60783
INTELSAT 9 (IS-9)       
1 26451U 00043A   17051.25940191 -.00000280  00000-0  00000+0 0  9990
2 26451   3.3045  71.9174 0002788 264.0264 224.6933  1.00271072 60716
BRASILSAT B4            
1 26469U 00046A   17050.08043754 -.00000179  00000-0  00000-0 0  9999
2 26469   1.4168  85.7427 0003234 268.4166  91.9784  1.00271499 60824
NILESAT 102             
1 26470U 00046B   17052.13599663 -.00000067  00000-0  00000+0 0  9999
2 26470   1.4386  84.1802 0005439 246.3531 222.6378  1.00273216 60515
ASTRA 2B                
1 26494U 00054A   17051.24586431  .00000110  00000-0  00000+0 0  9992
2 26494   1.9724  79.4783 0004500 266.1776 272.5884  1.00271342 60105
AMC-7 (GE-7)            
1 26495U 00054B   17051.95533635  .00000080  00000-0  00000+0 0  9995
2 26495   0.0132  41.6686 0002485 251.1252  67.1563  1.00270366 60135
NSS-11 (AAP-1)          
1 26554U 00059A   17051.97598689 -.00000353  00000-0  00000+0 0  9992
2 26554   0.0612 287.0825 0001421  82.6573 240.8725  1.00270562 60045
N-SAT-110 (JCSAT-110)   
1 26559U 00060A   17051.40804729 -.00000360  00000-0  00000+0 0  9990
2 26559   0.0175  94.2233 0001645 359.9317 313.3073  1.00271670 59983
AMC-6 (GE-6)            
1 26580U 00067A   17052.02826030 -.00000281  00000-0  00000+0 0  9991
2 26580   0.0570 293.3701 0002372  18.0579 142.8664  1.00271754 59860
INTELSAT 12 (IS-12)     
1 26590U 00068A   17052.12614226  .00000128  00000-0  00000+0 0  9995
2 26590   0.2389  95.1439 0003047 260.7198 245.7512  1.00274019 59671
INTELSAT 1R (IS-1R)     
1 26608U 00072A   17050.49775281 -.00000156  00000-0  00000+0 0  9999
2 26608   0.0758  94.8256 0000726 168.8407 335.8261  0.99999023 59515
ANIK F1                 
1 26624U 00076A   17051.87868814 -.00000083  00000-0  00000+0 0  9998
2 26624   0.0163 153.4443 0001002 241.1791 325.3594  1.00272477 59605
ASTRA 2D                
1 26638U 00081A   17051.61917156  .00000058  00000-0  00000+0 0  9996
2 26638   3.4241  70.5943 0002064 260.4957  99.7311  1.00272373 59261
AMC-8 (GE-8)            
1 26639U 00081B   17051.32879655  .00000095  00000-0  00000+0 0  9997
2 26639   0.0139   1.2846 0002145 336.2568 152.2538  1.00272336 59146
SKYNET 4F               
1 26695U 01005B   17050.31438567 -.00000254  00000-0  00000+0 0  9995
2 26695   8.7619  37.4764 0003359 309.0432 242.1550  1.00272537 58732
EUTELSAT 33C            
1 26719U 01011A   17051.71247544  .00000147  00000-0  00000+0 0  9997
2 26719   0.0710 335.3060 0005729   5.4561  99.6313  1.00275053 58455
INTELSAT 10 (IS-10)     
1 26766U 01019A   17052.12630164  .00000117  00000-0  00000+0 0  9994
2 26766   1.2744  85.8002 0003215 220.2882 298.1113  1.00275305 57803
INTELSAT 901 (IS-901)   
1 26824U 01024A   17051.18098633 -.00000150  00000-0  00000+0 0  9997
2 26824   0.0500 290.1438 0002700  47.4829 219.7974  1.00271638 57468
ASTRA 2C                
1 26853U 01025A   17052.05172465  .00000038  00000-0  00000+0 0  9997
2 26853   0.1539  90.4900 0003368 245.2765 254.2843  1.00271458 57454
ARTEMIS                 
1 26863U 01029A   17049.82756493 -.00000375  00000-0  00000-0 0  9998
2 26863  12.6048  34.2951 0002452 327.1792 208.4116  1.00275011 10006
INTELSAT 902 (IS-902)   
1 26900U 01039A   17050.99700948  .00000024  00000-0  00000+0 0  9994
2 26900   0.0185 120.1902 0003121 232.0456 218.8024  1.00271406 56633
EUTELSAT 8 WEST A       
1 26927U 01042A   17051.30986743 -.00000109  00000-0  00000+0 0  9997
2 26927   0.0850  53.9616 0007040 275.6643 279.8266  1.00272643 56393
DIRECTV 4S              
1 26985U 01052A   17051.33300609 -.00000122  00000-0  00000+0 0  9991
2 26985   0.0459 281.8845 0002236  66.9136 180.3234  1.00272215 55865
INSAT-3C                
1 27298U 02002A   17051.03291569 -.00000286  00000-0  00000+0 0  9997
2 27298   0.3770  92.5108 0003300 306.9906 215.4124  1.00404375 55228
ECHOSTAR 7              
1 27378U 02006A   17050.57216572 -.00000009  00000-0  00000-0 0  9993
2 27378   0.0541 290.2051 0000959  78.2300 228.4133  1.00272949 16511
INTELSAT 904 (IS-904)   
1 27380U 02007A   17051.70640791  .00000041  00000-0  00000+0 0  9991
2 27380   0.0143 130.3169 0000848 134.5158 200.2753  1.00269710 54969
TDRS 9                  
1 27389U 02011A   17051.30986743 -.00000109  00000-0  00000+0 0  9997
2 27389   5.0099  80.5837 0023096 239.2703 290.0344  1.00271324 56307
JCSAT 2A                
1 27399U 02015A   17051.85061620 -.00000316  00000-0  00000+0 0  9990
2 27399   0.2332  94.2040 0002251 174.5565 324.3574  1.00268495 54499
ASTRA 3A                
1 27400U 02015B   17050.90703287 -.00000289  00000-0  00000+0 0  9999
2 27400   3.5891  69.3568 0001543 283.5106  76.7090  1.00275150 54588
INTELSAT 903 (IS-903)   
1 27403U 02016A   17052.14972810 -.00000247  00000-0  00000+0 0  9995
2 27403   0.0121 107.9176 0003092 234.6286 188.0901  1.00272472 54526
NSS-7                   
1 27414U 02019A   17049.87526960 -.00000166  00000-0  00000-0 0  9998
2 27414   1.6495  83.7258 0002814 254.3799 105.9839  1.00271544 54426
DIRECTV 5 (TEMPO 1)     
1 27426U 02023A   17051.88638816 -.00000065  00000-0  00000+0 0  9991
2 27426   0.0099 121.3180 0003214 220.3388  18.3078  1.00273228 54183
INTELSAT 905 (IS-905)   
1 27438U 02027A   17052.14211079 -.00000193  00000-0  00000+0 0  9998
2 27438   0.0261 238.0523 0003182  72.7731 227.0741  1.00272518 53848
EXPRESS-A4              
1 27441U 02029A   17052.22016821 -.00000254  00000-0  00000+0 0  9999
2 27441   5.8638  57.2609 0000886 238.4840  80.1373  1.00270318 53844
GALAXY 3C (G-3C)        
1 27445U 02030A   17050.84755714 -.00000160  00000-0  00000+0 0  9998
2 27445   0.0358 280.6740 0001671 166.0074 273.3128  1.00271773 53828
EUTELSAT 5 WEST A       
1 27460U 02035A   17050.59793701 -.00000052  00000-0  00000+0 0  9990
2 27460   0.0449  23.2761 0005748 306.3882  30.2772  1.00272400 53615
N-STAR C                
1 27461U 02035B   17051.90819758 -.00000318  00000-0  00000+0 0  9993
2 27461   4.4158  65.4714 0002791 270.5164 277.9641  1.00272906 53534
ECHOSTAR 8              
1 27501U 02039A   17052.05673104 -.00000251  00000-0  00000+0 0  9998
2 27501   0.8479  89.1103 0002962 256.8321 108.7201  1.00271483 53152
EUTELSAT 12 WEST A      
1 27508U 02040A   17051.68107110 -.00000253  00000-0  00000+0 0  9996
2 27508   0.0683 353.6458 0006963 358.3333   7.9856  1.00272525 53127
METEOSAT-8 (MSG-1)      
1 27509U 02040B   17052.12342819  .00000134  00000-0  00000+0 0  9991
2 27509   4.6396  58.7910 0000146 237.7360 300.4032  1.00271108 53125
INTELSAT 906 (IS-906)   
1 27513U 02041A   17051.93335833  .00000006  00000-0  00000+0 0  9991
2 27513   0.0227 230.7996 0002930 115.3664 204.9992  1.00271746 52849
KODAMA (DRTS)           
1 27516U 02042B   17051.86341459 -.00000247  00000-0  00000+0 0  9996
2 27516   4.8325  62.7389 0003044 283.3942 206.3883  1.00271195 52926
KALPANA-1 (METSAT 1)    
1 27525U 02043A   17050.53668241 -.00000084  00000-0  00000+0 0  9990
2 27525   6.1541  56.0105 0015751 232.6864 127.3159  1.00273127 52904
HISPASAT 1D             
1 27528U 02044A   17051.13639613 -.00000225  00000-0  00000+0 0  9999
2 27528   0.0479 302.3820 0006094  36.5533 190.4248  1.00272186 52819
TDRS 10                 
1 27566U 02055A   17051.23018617  .00000072  00000-0  00000+0 0  9998
2 27566   4.8322  58.9379 0013127 229.3900 130.6858  1.00266009 52098
NSS-6                   
1 27603U 02057A   17052.05193521 -.00000278  00000-0  00000+0 0  9990
2 27603   0.0171 116.5326 0002380 209.6083 298.6892  1.00270850 51962
NIMIQ 2                 
1 27632U 02062A   17050.56049675 -.00000252  00000-0  00000+0 0  9994
2 27632   1.7475  82.5600 0005210 344.5032  15.8602  1.00272222 51743
INTELSAT 907 (IS-907)   
1 27683U 03007A   17051.65751726 -.00000211  00000-0  00000+0 0  9993
2 27683   0.0330 237.6462 0003753  95.7673  26.5432  1.00271930 51268
INSAT-3A                
1 27714U 03013A   17051.48313556 -.00000189  00000-0  00000+0 0  9995
2 27714   0.9092  88.6731 0016390 230.2510 287.2925  0.99801481 50817
GALAXY 12 (G-12)        
1 27715U 03013B   17051.45993027  .00000050  00000-0  00000+0 0  9996
2 27715   0.0668 275.3047 0001797  67.8500 203.9578  1.00273727 50875
ASIASAT 4               
1 27718U 03014A   17049.80406152 -.00000370  00000-0  00000+0 0  9990
2 27718   0.0062 201.9849 0002294  49.4561 309.0476  1.00270211 50776
HELLAS-SAT 2            
1 27811U 03020A   17052.12702450  .00000144  00000-0  00000+0 0  9998
2 27811   0.0401 287.6467 0003764  49.9150 258.3576  1.00270499 50210
AMC-9 (GE-12)           
1 27820U 03024A   17051.47907910 -.00000225  00000-0  00000+0 0  9998
2 27820   0.0603 285.7913 0002875  41.1555 273.0840  1.00272411 50207
THURAYA-2               
1 27825U 03026A   17052.01089763  .00000124  00000-0  00000+0 0  9990
2 27825   4.8161  28.6932 0004995 300.7581 229.5758  1.00274509 50222
OPTUS C1                
1 27831U 03028B   17051.88867648 -.00000156  00000-0  00000+0 0  9995
2 27831   0.0328 174.1831 0002395 166.3844 286.3224  1.00271450 50194
ECHOSTAR 12 (RAINBOW 1) 
1 27852U 03033A   17052.11161260 -.00000291  00000-0  00000+0 0  9998
2 27852   0.0534 290.5854 0001417  19.9656 179.6343  1.00272750 49853
GALAXY 23 (G-23)        
1 27854U 03034A   17051.55778657  .00000004  00000-0  00000+0 0  9993
2 27854   0.0111 120.1491 0002814 204.9974 265.3050  1.00271744 54410
EUTELSAT 33A            
1 27948U 03043A   17051.73712502  .00000143  00000-0  00000+0 0  9998
2 27948   2.1352  78.8794 0002028 240.3753 127.8055  1.00275024 49208
GALAXY 13 (HORIZONS-1)  
1 27954U 03044A   17051.49028894  .00000039  00000-0  00000+0 0  9997
2 27954   0.0117 122.9321 0001407 129.2747 307.8732  1.00271057 49020
ZHONGXING-20            
1 28082U 03052A   17049.97147110 -.00000334  00000-0  00000+0 0  9991
2 28082   3.2752  71.9195 0006515 258.8876 271.1592  1.00267567 48614
YAMAL 202               
1 28089U 03053A   17051.80874668  .00000111  00000-0  00000+0 0  9991
2 28089   0.0574  97.5219 0003649 251.5748 141.9297  1.00272998 48555
AMOS-2                  
1 28132U 03059A   17051.12326271 -.00000044  00000-0  00000+0 0  9999
2 28132   0.4802  90.6724 0003563 251.9177 207.9434  1.00272884 48259
EXPRESS-AM22 (SESAT 2)  
1 28134U 03060A   17051.90885500 -.00000145  00000-0  00000+0 0  9996
2 28134   0.2049  89.8924 0001026 307.1468 161.2384  1.00271623 48147
AMC-10 (GE-10)          
1 28154U 04003A   17051.58219478  .00000079  00000-0  00000+0 0  9990
2 28154   0.0547 288.8199 0001557  98.7096 197.7210  1.00272479 47808
ABS-4 (MOBISAT-1)       
1 28184U 04007A   17052.05172465  .00000032  00000-0  00000+0 0  9993
2 28184   0.0181 229.6205 0002134 103.3541 257.7655  1.00275406 47450
EUTELSAT 7A             
1 28187U 04008A   17052.00534233  .00000039  00000-0  00000+0 0  9994
2 28187   0.0692 341.1699 0003089 340.5501 198.2962  1.00272627 47450
DIRECTV 7S              
1 28238U 04016A   17052.15604132 -.00000008  00000-0  00000+0 0  9999
2 28238   0.0172  30.4273 0002649 317.6620 100.2529  1.00273401 46940
AMC-11 (GE-11)          
1 28252U 04017A   17051.47542277  .00000061  00000-0  00000+0 0  9999
2 28252   0.0395 302.2196 0002710  37.4524 211.0416  1.00270055 46573
INTELSAT 10-02          
1 28358U 04022A   17052.01298480 -.00000020  00000-0  00000+0 0  9993
2 28358   0.0134 143.7927 0000208   9.5319   1.4700  1.00271562 46507
APSTAR 5 (TELSTAR 18)   
1 28364U 04024A   17051.67025439 -.00000303  00000-0  00000+0 0  9999
2 28364   0.0447 270.5408 0002748  59.7973 199.7083  1.00272191 46423
ANIK F2                 
1 28378U 04027A   17051.54864038 -.00000058  00000-0  00000+0 0  9996
2 28378   0.0204  28.3350 0000334  56.1758 152.5583  1.00272399 46225
AMAZONAS 1              
1 28393U 04031A   17052.14957763 -.00000255  00000-0  00000+0 0  9992
2 28393   1.5105  84.3211 0005025 257.8073 186.7528  1.00271217 46000
AMC-15                  
1 28446U 04041A   17051.43095356 -.00000097  00000-0  00000+0 0  9998
2 28446   0.0551 295.9921 0002169  36.9606 227.6611  1.00271449 45251
AMC-16                  
1 28472U 04048A   17051.47760421 -.00000215  00000-0  00000+0 0  9992
2 28472   0.0523 296.5149 0002538  58.6629 242.3321  1.00272452 44687
NSS-10 (AMC-12)         
1 28526U 05003A   17050.31430944 -.00000260  00000-0  00000+0 0  9990
2 28526   0.0495 295.5281 0002867  27.8908 261.7129  1.00272445 44171
XTAR-EUR                
1 28542U 05005A   17051.50106849  .00000143  00000-0  00000+0 0  9995
2 28542   0.0170 129.0881 0003219 222.6562   8.2504  1.00274042 44052
XM-3 (RHYTHM)           
1 28626U 05008A   17051.47760490 -.00000214  00000-0  00000+0 0  9995
2 28626   0.0005  61.7190 0000303  23.7247 151.9610  1.00271783 43937
INMARSAT 4-F1           
1 28628U 05009A   17051.21339025 -.00000268  00000-0  00000+0 0  9995
2 28628   2.8589  10.3371 0002993 334.7217  25.5762  1.00271697 43541
EXPRESS-AM2             
1 28629U 05010A   17051.98709848 -.00000086  00000-0  00000+0 0  9994
2 28629   2.1173  76.9640 0014960  22.1949 146.6527  0.99048251 43570
APSTAR 6                
1 28638U 05012A   17051.41363209 -.00000327  00000-0  00000+0 0  9999
2 28638   0.0294  98.5183 0002256 231.4910 103.3905  1.00270355 68281
SPACEWAY 1              
1 28644U 05015A   17052.23260351 -.00000111  00000-0  00000+0 0  9995
2 28644   0.0395 285.9318 0000269 157.5210  48.6693  1.00273067 43398
DIRECTV 8               
1 28659U 05019A   17051.86075953 -.00000124  00000-0  00000+0 0  9999
2 28659   0.0205  89.8525 0003332 259.6786  10.4381  1.00272298 43061
GALAXY 28 (G-28)        
1 28702U 05022A   17051.14214866 -.00000194  00000-0  00000+0 0  9998
2 28702   0.0154 117.8816 0001871 280.9468  73.5952  1.00272797 42694
EXPRESS-AM3             
1 28707U 05023A   17051.66586229 -.00000330  00000-0  00000+0 0  9998
2 28707   0.0171 159.6814 0001867 230.3187 103.4489  1.00270626 42723
THAICOM 4               
1 28786U 05028A   17051.62744616 -.00000371  00000-0  00000+0 0  9997
2 28786   0.0167 116.8830 0002038 222.3058 156.8783  1.00272556 42191
GALAXY 14 (G-14)        
1 28790U 05030A   17052.22348868  .00000028  00000-0  00000+0 0  9999
2 28790   0.0402 284.6609 0002357  55.7827 126.3118  1.00271610 42185
ANIK F1R                
1 28868U 05036A   17051.46666133 -.00000083  00000-0  00000+0 0  9996
2 28868   0.0169  91.0841 0002592 272.2225 207.9774  1.00269840 42027
GALAXY 15 (G-15)        
1 28884U 05041A   17051.51156689  .00000070  00000-0  00000+0 0  9991
2 28884   0.0706 281.1332 0002145  59.3538 221.2674  1.00273548 41492
SYRACUSE 3A             
1 28885U 05041B   17052.12630164  .00000120  00000-0  00000+0 0  9991
2 28885   0.0183 226.4808 0002616 107.0201 270.1733  1.00273699 41602
INMARSAT 4-F2           
1 28899U 05044A   17050.43653835  .00000003  00000-0  00000+0 0  9991
2 28899   2.5508  10.2552 0003121 336.0255  24.3086  1.00272413 41361
TELKOM 2                
1 28902U 05046A   17050.90787149 -.00000372  00000-0  00000-0 0  9997
2 28902   0.0437 250.3621 0001190 102.4814 242.0046  1.00270369 41301
SPACEWAY 2              
1 28903U 05046B   17051.58242535 -.00000135  00000-0  00000+0 0  9994
2 28903   0.0046  40.7832 0000233 348.5598 231.9315  1.00272021 41361
INSAT-4A                
1 28911U 05049A   17050.83007777 -.00000174  00000-0  00000+0 0  9993
2 28911   0.0370 277.3938 0005994  29.6480 224.7386  1.00273302 40956
METEOSAT-9 (MSG-2)      
1 28912U 05049B   17051.24156455  .00000052  00000-0  00000+0 0  9992
2 28912   1.9758  70.5329 0000628  32.1128 144.0510  1.00267478 40940
EUTELSAT 172A (GE-23)   
1 28924U 05052A   17051.47742302 -.00000015  00000-0  00000+0 0  9996
2 28924   0.0696  25.6685 0006185 308.5874 160.1795  1.00273330 40850
ECHOSTAR 10             
1 28935U 06003A   17052.23721564 -.00000064  00000-0  00000+0 0  9991
2 28935   0.0561 291.5176 0001016  81.3464 113.6880  1.00273498 40393
HIMAWARI-7 (MTSAT-2)    
1 28937U 06004A   17052.23192293 -.00000251  00000-0  00000+0 0  9993
2 28937   0.0243 245.9807 0003862  92.4963  41.3440  1.00273366 40230
SPAINSAT                
1 28945U 06007A   17051.66461291 -.00000225  00000-0  00000+0 0  9999
2 28945   0.0631 257.5556 0003571 114.9052 347.5238  1.00271126 40100
EUTELSAT HOT BIRD 13E   
1 28946U 06007B   17050.54811348  .00000077  00000-0  00000+0 0  9992
2 28946   0.0396 237.4123 0002241  77.2947  45.2494  1.00271620 40164
JCSAT-5A                
1 29045U 06010A   17051.92669684 -.00000337  00000-0  00000+0 0  9994
2 29045   0.0448 288.8937 0001599  80.1792 247.5975  1.00272613 39816
ASTRA 1KR               
1 29055U 06012A   17051.97089625  .00000111  00000-0  00000+0 0  9992
2 29055   0.0864 278.3959 0003336  12.9061 228.4565  1.00271623 39622
GOES 13                 
1 29155U 06018A   17050.79056015 -.00000260  00000-0  00000+0 0  9991
2 29155   0.3315  99.3786 0004015 313.8522 306.7813  1.00274338 39381
EUTELSAT 113 WEST A     
1 29162U 06020A   17050.89712998 -.00000046  00000-0  00000+0 0  9994
2 29162   0.0602 294.2070 0002855  49.5277  16.2312  1.00272211 39337
THAICOM 5               
1 29163U 06020B   17050.86679885 -.00000130  00000-0  00000+0 0  9993
2 29163   0.0419 282.1027 0005396  40.9938 217.3943  1.00273240 39397
GALAXY 16 (G-16)        
1 29236U 06023A   17051.58242535 -.00000136  00000-0  00000+0 0  9991
2 29236   0.0483 257.3753 0002576  82.0111 281.9512  1.00272803 39131
EUTELSAT HOT BIRD 13B   
1 29270U 06032A   17051.24468385  .00000078  00000-0  00000+0 0  9999
2 29270   0.0719 331.8752 0004787   7.7515 271.7820  1.00270812 38727
JCSAT-3A                
1 29272U 06033A   17051.89240066 -.00000354  00000-0  00000+0 0  9995
2 29272   0.0346 294.4538 0002192 125.3809 180.4031  1.00271246 38634
SYRACUSE 3B             
1 29273U 06033B   17051.12326271 -.00000053  00000-0  00000+0 0  9991
2 29273   0.0158 115.5973 0005487 211.7842 222.0048  1.00272291 38619
KOREASAT 5 (MUGUNGWHA 5)
1 29349U 06034A   17051.59702234 -.00000367  00000-0  00000+0 0  9992
2 29349   0.0199 106.3816 0000656 248.9438 123.3502  1.00272396 38500
ZHONGXING-22A           
1 29398U 06038A   17051.79211001 -.00000327  00000-0  00000+0 0  9995
2 29398   5.5894  58.4931 0005852 239.5895 239.6978  1.00274614 38285
DIRECTV 9S              
1 29494U 06043A   17051.33300609 -.00000123  00000-0  00000+0 0  9995
2 29494   0.0162 124.1265 0003280 216.0721 189.0055  1.00272089 37975
OPTUS D1                
1 29495U 06043B   17051.88867648 -.00000119  00000-0  00000+0 0  9992
2 29495   0.0129 151.6888 0003224 188.0877 291.1290  1.00272311 38013
XM-4 (BLUES)            
1 29520U 06049A   17052.21626910 -.00000032  00000-0  00000+0 0  9994
2 29520   0.0032 282.5210 0000220 224.0328 327.3972  1.00271969 37873
BADR-4                  
1 29526U 06051A   17050.99089478  .00000136  00000-0  00000+0 0  9992
2 29526   0.0496 332.8863 0005843 359.9512 199.9635  1.00274096 37755
FENGYUN 2D              
1 29640U 06053A   17051.92687045 -.00000369  00000-0  10000-3 0  9993
2 29640   4.2379  64.9842 0004314 329.4119 213.9290  1.00267385 37437
WILDBLUE-1              
1 29643U 06054A   17051.54863660 -.00000058  00000-0  00000+0 0  9994
2 29643   0.0586 270.4748 0001684  80.8077 245.6953  1.00273014 37413
AMC-18                  
1 29644U 06054B   17051.43095307 -.00000098  00000-0  00000+0 0  9992
2 29644   0.0452 293.6063 0002727  48.6161 218.4939  1.00272158 37429
MEASAT-3                
1 29648U 06056A   17052.04925979 -.00000251  00000-0  00000+0 0  9994
2 29648   0.0368 138.0473 0000958 266.8816 215.4715  1.00274120 37432
KIKU-8 (ETS-VIII)       
1 29656U 06059A   17051.09128029  .00000056  00000-0  00000+0 0  9993
2 29656   5.3929  59.9240 0010763 233.2173 126.8552  0.99006507 37303
INSAT-4B                
1 30793U 07007A   17051.44030056 -.00000267  00000-0  00000+0 0  9997
2 30793   0.0344 258.8800 0003940 148.7819 354.8955  1.00274372 36431
SKYNET 5A               
1 30794U 07007B   17052.05193521 -.00000280  00000-0  00000+0 0  9998
2 30794   0.0685 350.2668 0003675 343.3258 291.4089  1.00272989 36520
ANIK F3                 
1 31102U 07009A   17052.12548185 -.00000010  00000-0  00000+0 0  9993
2 31102   0.0183 127.0597 0002124 224.0793  86.5469  1.00270969 36212
ASTRA 1L                
1 31306U 07016A   17052.18171368  .00000111  00000-0  00000+0 0  9999
2 31306   0.0970 295.6820 0004874  26.3072 273.8654  1.00272168 35916
GALAXY 17 (G-17)        
1 31307U 07016B   17051.32540056 -.00000183  00000-0  00000+0 0  9999
2 31307   0.0422 303.6186 0003554  50.3464 182.5963  1.00270835 35941
ZHONGXING-6B            
1 31800U 07031A   17051.78025170 -.00000370  00000-0  00000+0 0  9997
2 31800   0.0164 118.1219 0002794 210.2590 218.9093  1.00274445 35343
DIRECTV 10              
1 31862U 07032A   17050.86902374 -.00000112  00000-0  00000+0 0  9998
2 31862   0.0486 294.3436 0000243 128.4069 297.2272  1.00273008 35279
SPACEWAY 3              
1 32018U 07036A   17052.20020858 -.00000160  00000-0  00000+0 0  9997
2 32018   0.0041  88.0878 0000097 345.4999  54.8162  1.00272384 35000
BSAT-3A                 
1 32019U 07036B   17050.27973722 -.00000360  00000-0  00000-0 0  9993
2 32019   0.0879 250.3409 0002442  30.0985  79.5073  1.00273560 16362
INSAT-4CR               
1 32050U 07037A   17051.81203602  .00000116  00000-0  00000+0 0  9990
2 32050   0.0629 274.1721 0003935  53.3435 163.6115  1.00270405 34724
OPTUS D2                
1 32252U 07044A   17051.91007380 -.00000192  00000-0  00000+0 0  9993
2 32252   0.0445 285.4698 0003564  51.3607 293.8050  1.00272747 34319
INTELSAT 11 (IS-11)     
1 32253U 07044B   17051.95317102 -.00000277  00000-0  00000+0 0  9998
2 32253   0.0305 222.1070 0002986 124.1540 104.9251  1.00271846 34403
STAR ONE C1             
1 32293U 07056A   17050.76420306 -.00000286  00000-0  00000+0 0  9994
2 32293   0.0099 112.9510 0002759 236.4195  10.5986  1.00270750 33974
SKYNET 5B               
1 32294U 07056B   17051.24138654  .00000133  00000-0  00000+0 0  9991
2 32294   0.0681  12.6804 0003710 317.4149 292.2020  1.00273708 34077
ASTRA 4A (SIRIUS 4)     
1 32299U 07057A   17052.06841272  .00000024  00000-0  00000+0 0  9994
2 32299   0.0107  77.8170 0002839 255.9442 206.8333  1.00273447 33838
HORIZONS-2              
1 32388U 07063B   17052.05611177 -.00000189  00000-0  00000+0 0  9991
2 32388   0.0110 117.9973 0002593 243.9547 254.2629  1.00264440 33757
THURAYA-3               
1 32404U 08001A   17051.80370713 -.00000303  00000-0  00000+0 0  9991
2 32404   4.1059 352.5508 0004932 338.2047 207.9551  1.00271415 33407
EXPRESS-AM33            
1 32478U 08003A   17051.81006545 -.00000289  00000-0  00000+0 0  9997
2 32478   0.0401 276.8521 0001007 156.0497 106.1028  1.00270846 33497
THOR 5                  
1 32487U 08006A   17052.01298480 -.00000018  00000-0  00000+0 0  9994
2 32487   0.0509 269.3848 0002278  72.8711 172.7631  1.00272183 33057
KIZUNA (WINDS)          
1 32500U 08007A   17050.74128382 -.00000268  00000-0  00000+0 0  9999
2 32500   0.5857  91.1568 0002438 251.8953 216.6522  1.00271720 32893
AMC-14                  
1 32708U 08011A   17051.73681249  .00000090  00000-0  00000+0 0  9992
2 32708  18.9045  64.6128 0037327 350.2783  19.1861  1.00273276 33972
DIRECTV 11              
1 32729U 08013A   17051.58242535 -.00000134  00000-0  00000+0 0  9991
2 32729   0.0005 305.2306 0000222 172.8275 143.1101  1.00269914 32803
ICO G1                  
1 32763U 08016A   17051.50675906 -.00000174  00000-0  00000+0 0  9990
2 32763   3.8846 353.5648 0003544 346.2600 260.3580  1.00272233 32338
VINASAT-1               
1 32767U 08018A   17051.21591405 -.00000337  00000-0  00000+0 0  9996
2 32767   0.0122 297.4801 0001797  73.8886 348.6109  1.00271514 32475
STAR ONE C2             
1 32768U 08018B   17050.77802663 -.00000274  00000-0  00000+0 0  9998
2 32768   0.0280 175.1983 0001081 174.3075  10.4670  1.00271410 32413
TIANLIAN 1-01           
1 32779U 08019A   17052.04862817 -.00000148  00000-0  10000-3 0  9995
2 32779   2.5647  76.6851 0038168 229.4543 302.7274  1.00271010 32341
AMOS-3                  
1 32794U 08022A   17051.12280250 -.00000043  00000-0  00000+0 0  9998
2 32794   0.0188 189.7302 0002514 175.0855 185.5745  1.00273668 32314
GALAXY 18 (G-18)        
1 32951U 08024A   17050.92485149  .00000016  00000-0  00000+0 0  9995
2 32951   0.0242 107.8393 0003129 233.4226  18.7017  1.00272133 31959
CHINASAT 9 (ZX 9)       
1 33051U 08028A   17051.80995111 -.00000256  00000-0  00000+0 0  9991
2 33051   0.0097 132.3582 0004357 205.0813 197.2485  1.00271205 31886
SKYNET 5C               
1 33055U 08030A   17050.36330660 -.00000149  00000-0  00000+0 0  9991
2 33055   0.0613   1.3601 0003404 334.4452 286.6585  1.00271426 31754
TURKSAT 3A              
1 33056U 08030B   17051.88812550  .00000137  00000-0  00000+0 0  9999
2 33056   0.0354 115.1575 0003782 241.2199 156.3102  1.00270789 31954
INTELSAT 25 (IS-25)     
1 33153U 08034A   17051.66860456 -.00000233  00000-0  00000+0 0  9993
2 33153   0.0423 279.5628 0002563  39.8139  40.5801  1.00272363 31516
BADR-6                  
1 33154U 08034B   17051.73701068  .00000136  00000-0  00000+0 0  9996
2 33154   0.0589  40.6433 0004645 326.6956  74.7966  1.00271239 31622
ECHOSTAR 11             
1 33207U 08035A   17051.88610976 -.00000065  00000-0  00000+0 0  9991
2 33207   0.0610 281.4275 0003021  71.9686   6.5760  1.00272491 31538
SUPERBIRD-C2            
1 33274U 08038A   17050.90478378 -.00000260  00000-0  00000-0 0  9996
2 33274   0.0400 290.5539 0001088  44.7303 284.3968  1.00273305 71599
AMC-21                  
1 33275U 08038B   17052.22672389  .00000027  00000-0  00000+0 0  9991
2 33275   0.0573 294.7953 0002828  54.7891 118.4463  1.00273165 31343
INMARSAT 4-F3           
1 33278U 08039A   17051.49554153 -.00000146  00000-0  00000+0 0  9994
2 33278   3.0205   0.3015 0003033 332.7991 257.9017  1.00271370 31137
NIMIQ 4                 
1 33373U 08044A   17051.47725498 -.00000229  00000-0  00000+0 0  9998
2 33373   0.0122 109.9989 0002529 225.3465 265.0373  1.00272405 30703
GALAXY 19 (G-19)        
1 33376U 08045A   17051.52797888 -.00000148  00000-0  00000+0 0  9990
2 33376   0.0068 143.8899 0003165 193.6225 266.1939  1.00273219 30704
VENESAT-1               
1 33414U 08055A   17051.07339744 -.00000246  00000-0  00000+0 0  9996
2 33414   0.0240 227.9715 0002080  98.0855 132.5201  1.00270339 30418
ASTRA 1M                
1 33436U 08057A   17052.18171368  .00000111  00000-0  00000+0 0  9991
2 33436   0.0168 134.2164 0001169 293.0896 168.5834  1.00269076 30358
CIEL-2                  
1 33453U 08063A   17052.14075917  .00000049  00000-0  00000+0 0  9996
2 33453   0.0503 292.0391 0002765  47.7956  93.2118  1.00272510 30030
EUTELSAT HOT BIRD 13C   
1 33459U 08065A   17050.54808386  .00000077  00000-0  00000+0 0  9991
2 33459   0.0433 359.8943 0003199 348.7345  11.3387  1.00270168 30116
EUTELSAT 48D            
1 33460U 08065B   17052.12630164  .00000115  00000-0  00000+0 0  9999
2 33460   0.1019 301.3618 0001921   3.9273 299.4537  1.00272691 29983
FENGYUN 2E              
1 33463U 08066A   17051.03621468 -.00000203  00000-0  00000+0 0  9998
2 33463   1.9616  66.1596 0004663 226.3763 316.7890  1.00262305 29953
EXPRESS-AM44            
1 33595U 09007A   17051.30792852 -.00000098  00000-0  00000+0 0  9998
2 33595   0.0461 275.5659 0001114 148.1521 186.5366  1.00272624 29422
NSS-9                   
1 33749U 09008A   17052.20912892  .00000063  00000-0  00000+0 0  9999
2 33749   0.0542 297.1194 0002235  51.6775  60.8531  1.00272719 29446
EUTELSAT 33E            
1 33750U 09008B   17052.00657285  .00000147  00000-0  00000+0 0  9994
2 33750   0.0592 298.6751 0003272 353.5635 254.3346  1.00277445 29477
TELSTAR 11N             
1 34111U 09009A   17052.10100486 -.00000260  00000-0  00000+0 0  9991
2 34111   0.0158 116.4388 0002597 218.1247 175.4244  1.00271158 29299
EUTELSAT 10A            
1 34710U 09016A   17052.07837753  .00000059  00000-0  00000+0 0  9999
2 34710   0.0669 351.9302 0005178 348.6549 208.7875  1.00273129 28845
SES-7 (PROTOSTAR 2)     
1 34941U 09027A   17051.59689274 -.00000354  00000-0  00000+0 0  9995
2 34941   0.0195  94.3432 0002434 202.5393 176.9648  1.00268932 28495
MEASAT-3A               
1 35362U 09032A   17050.33061830 -.00000252  00000-0  00000-0 0  9990
2 35362   0.0592 244.6459 0001489  45.7539  69.5586  1.00273985 28101
GOES 14                 
1 35491U 09033A   17050.87257772 -.00000103  00000-0  00000+0 0  9999
2 35491   0.0292 129.7464 0006464 113.4475 116.7154  1.00273391 28028
SIRIUS FM-5             
1 35493U 09034A   17051.47636170 -.00000209  00000-0  00000+0 0  9999
2 35493   0.0246 108.9069 0001006 304.6225 182.4110  1.00269893 27846
TERRESTAR-1             
1 35496U 09035A   17050.84276529 -.00000061  00000-0  00000+0 0  9997
2 35496   2.9863 342.1186 0002963 351.0636   9.1498  1.00272249 28026
ASIASAT 5               
1 35696U 09042A   17052.04496819 -.00000316  00000-0  00000+0 0  9990
2 35696   0.0076 108.5631 0001738 201.1859 318.0749  1.00270986 27546
JCSAT-RA (JCSAT-12)     
1 35755U 09044A   17050.22974644 -.00000355  00000-0  00000+0 0  9996
2 35755   0.0476  51.5990 0001000 346.0939 322.2885  1.00272399 27527
OPTUS D3                
1 35756U 09044B   17051.55741278 -.00000156  00000-0  00000+0 0  9998
2 35756   0.0454 315.6919 0004250  27.3432 164.2927  1.00272710 27502
PALAPA D                
1 35812U 09046A   17050.27122426 -.00000367  00000-0  00000+0 0  9993
2 35812   0.0114  91.3079 0002470 289.3839 339.2925  1.00272059 27537
NIMIQ 5                 
1 35873U 09050A   17051.45052560 -.00000266  00000-0  00000+0 0  9995
2 35873   0.0583 279.7135 0002122  59.3974 260.9296  1.00272523 27221
AMAZONAS 2              
1 35942U 09054A   17052.11161338 -.00000291  00000-0  00000+0 0  9992
2 35942   0.0287 137.7021 0001217 266.6786  85.9877  1.00270509 27068
COMSATBW-1              
1 35943U 09054B   17051.92797937  .00000016  00000-0  00000+0 0  9995
2 35943   0.0377  97.9844 0002429 248.1410 201.9503  1.00271107 27133
NSS-12                  
1 36032U 09058A   17050.42620440  .00000062  00000-0  00000+0 0  9998
2 36032   0.0636 288.9184 0002789  36.8648  34.1733  1.00271997 26805
THOR 6                  
1 36033U 09058B   17051.79453993 -.00000019  00000-0  00000+0 0  9990
2 36033   0.0280 224.9783 0001864 129.5883  81.5037  1.00271958 26833
INTELSAT 14 (IS-14)     
1 36097U 09064A   17049.71149968 -.00000284  00000-0  00000+0 0  9994
2 36097   0.0201 116.4845 0002227 223.5565  19.9503  1.00270055 26566
EUTELSAT 36B            
1 36101U 09065A   17051.11687293  .00000146  00000-0  00000+0 0  9992
2 36101   0.0683  22.9169 0004330 318.5168 246.7626  1.00274682 26675
INTELSAT 15 (IS-15)     
1 36106U 09067A   17052.05611177 -.00000193  00000-0  00000+0 0  9994
2 36106   0.0126 118.3313 0002080 233.5434 264.6419  1.00266129 26479
DIRECTV 12              
1 36131U 09075A   17051.48310166 -.00000112  00000-0  00000+0 0  9992
2 36131   0.0378 283.5798 0000202 103.0992 195.0087  1.00272612 26250
BEIDOU G1               
1 36287U 10001A   17050.90768516 -.00000290  00000-0  00000+0 0  9994
2 36287   1.5215 352.9337 0003339 292.6959 331.1058  1.00277866 26033
RADUGA-1M 2             
1 36358U 10002A   17051.74994126 -.00000192  00000-0  00000+0 0  9996
2 36358   0.0383 252.1830 0003333 109.8611 143.7649  1.00272247 25882
SDO                     
1 36395U 10005A   17051.32992959 -.00000083  00000-0  00000+0 0  9995
2 36395  28.6380 142.5291 0001474 175.0317 209.3138  1.00268295 25904
INTELSAT 16 (IS-16)     
1 36397U 10006A   17051.49821014 -.00000294  00000-0  00000+0 0  9993
2 36397   0.0596 282.7911 0002736  80.3549 268.7063  1.00271451 25603
GOES 15                 
1 36411U 10008A   17050.95908492  .00000080  00000-0  00000+0 0  9990
2 36411   0.0525 245.5877 0000994 250.6684 223.7270  1.00276240 25552
ECHOSTAR 14             
1 36499U 10010A   17052.15604076 -.00000009  00000-0  00000+0 0  9996
2 36499   0.0163 164.3256 0002638 169.9468 114.2459  1.00274001 25415
SES-1                   
1 36516U 10016A   17051.33300609 -.00000123  00000-0  00000+0 0  9993
2 36516   0.0523 295.0178 0002021  50.0334 184.2620  1.00272639 25005
ASTRA 3B                
1 36581U 10021A   17051.73694970  .00000128  00000-0  00000+0 0  9996
2 36581   0.0422  40.9454 0003339 288.2458 110.4377  1.00269642 24520
COMSATBW-2              
1 36582U 10021B   17052.13039535  .00000080  00000-0  00000+0 0  9999
2 36582   0.0039 119.5308 0002592 239.5465 212.2666  1.00275371 24868
BEIDOU G3               
1 36590U 10024A   17051.40581347 -.00000363  00000-0  00000+0 0  9998
2 36590   1.4826  32.8129 0006339 308.8748  65.4818  1.00271561 24652
BADR-5                  
1 36592U 10025A   17050.99089478  .00000135  00000-0  00000+0 0  9998
2 36592   0.0122 171.7458 0001887 130.9040 230.1625  1.00269969 24766
COMS 1                  
1 36744U 10032A   17051.89239942 -.00000353  00000-0  00000+0 0  9991
2 36744   0.0117 119.0183 0001094 247.9943 233.4451  1.00272819 24525
ARABSAT-5A              
1 36745U 10032B   17052.04909122  .00000145  00000-0  00000+0 0  9992
2 36745   0.0552  20.9760 0003286 314.5699 223.7390  1.00273147 24501
ECHOSTAR 15             
1 36792U 10034A   17052.11161333 -.00000291  00000-0  00000+0 0  9991
2 36792   0.0449 301.4151 0002421  58.0075 130.3215  1.00272549 24275
NILESAT 201             
1 36830U 10037A   17052.13599663 -.00000066  00000-0  00000+0 0  9990
2 36830   0.0516 181.0437 0004109 175.3724 196.7854  1.00273478 24166
RASCOM-QAF 1R           
1 36831U 10037B   17051.57313859  .00000010  00000-0  00000+0 0  9997
2 36831   0.0400 112.4162 0005644 204.6001  42.9396  1.00270855 24160
CHINASAT 6A (ZX 6A)     
1 37150U 10042A   17051.92687045 -.00000362  00000-0  00000+0 0  9999
2 37150   0.0266 216.3420 0001133  77.4901 315.9285  1.00274125 23770
QZS-1 (MICHIBIKI)       
1 37158U 10045A   17050.62825948 -.00000207  00000-0  00000+0 0  9990
2 37158  40.7945 161.0379 0751689 270.0899  81.6184  1.00256244 23572
XM-5                    
1 37185U 10053A   17051.47760670 -.00000214  00000-0  00000+0 0  9991
2 37185   0.0139 110.6346 0000621 305.4448 181.2192  1.00272410 23317
BSAT-3B                 
1 37207U 10056B   17051.90230525 -.00000359  00000-0  00000+0 0  9998
2 37207   0.0916 297.1542 0004719  25.1674 263.3590  1.00270770 23145
BEIDOU G4               
1 37210U 10057A   17051.47520193 -.00000121  00000-0  00000+0 0  9995
2 37210   0.8603  49.7423 0005202 191.4097 240.4596  1.00271102 23156
SKYTERRA 1              
1 37218U 10061A   17051.77753986 -.00000122  00000-0  00000+0 0  9990
2 37218   3.3661 329.2775 0002003  83.0302 277.1520  1.00272759 23101
ZHONGXING-20A           
1 37234U 10064A   17052.23796372 -.00000346  00000-0  00000+0 0  9997
2 37234   0.0840 269.0461 0006767  80.5835  17.3519  1.00267503 22910
HYLAS 1                 
1 37237U 10065A   17051.25961535 -.00000243  00000-0  00000+0 0  9993
2 37237   0.0431 312.8961 0001578  39.3962 218.0208  1.00270935 22872
INTELSAT 17 (IS-17)     
1 37238U 10065B   17052.05549920 -.00000010  00000-0  00000+0 0  9995
2 37238   0.0653 264.2656 0002690  68.8773 263.9833  1.00271967 22793
EUTELSAT KA-SAT 9A      
1 37258U 10069A   17050.55915943  .00000052  00000-0  00000+0 0  9991
2 37258   0.0407 279.8665 0001807   2.8198  77.2683  1.00269902 22685
HISPASAT 1E             
1 37264U 10070A   17051.31477606 -.00000225  00000-0  00000+0 0  9997
2 37264   0.0175 136.7524 0002372 232.2754 224.7403  1.00272081 22539
KOREASAT 6              
1 37265U 10070B   17051.91837205 -.00000371  00000-0  00000+0 0  9991
2 37265   0.0193 107.1585 0001718 226.3997 264.0726  1.00272695 22553
ELEKTRO-L 1 (GOMS 2)    
1 37344U 11001A   17052.19592200 -.00000212  00000-0  00000+0 0  9992
2 37344   2.2032  78.3831 0004545 266.2615 210.5055  1.00237395 22347
BEIDOU IGSO 3           
1 37384U 11013A   17050.83994887 -.00000154  00000-0  10000-3 0  9995
2 37384  57.6804  74.1612 0029401 210.5525 286.2809  1.00296103 21543
INTELSAT NEW DAWN       
1 37392U 11016A   17052.00657285  .00000147  00000-0  00000+0 0  9992
2 37392   0.0563 265.1942 0001083  27.4692 253.5843  1.00275558 21399
YAHSAT 1A               
1 37393U 11016B   17052.09192770  .00000092  00000-0  00000+0 0  9994
2 37393   0.0188 152.6430 0001724 183.4248 260.7038  1.00270897 21439
TELSTAR 14R             
1 37602U 11021A   17051.48696361 -.00000289  00000-0  00000+0 0  9999
2 37602   0.0602 292.5613 0001868  40.6526 289.6515  1.00272823 21657
GSAT-8                  
1 37605U 11022A   17051.82492726  .00000076  00000-0  00000+0 0  9993
2 37605   0.0255 261.8565 0006805  25.4468 215.6580  1.00271288 21117
ST-2                    
1 37606U 11022B   17051.82263042 -.00000220  00000-0  00000+0 0  9993
2 37606   0.0164 145.9467 0001281 208.7381 180.3946  1.00273190 21122
CHINASAT 10 (ZX 10)     
1 37677U 11026A   17051.00212810 -.00000361  00000-0  00000+0 0  9998
2 37677   0.0439 276.3408 0002431 358.4620 346.5891  1.00273932 20832
TIANLIAN 1-02           
1 37737U 11032A   17051.24451196  .00000019  00000-0  00000+0 0  9999
2 37737   2.3537  78.0564 0009446 204.0527 132.9889  1.00271093 20580
GSAT-12                 
1 37746U 11034A   17051.86348233 -.00000174  00000-0  00000+0 0  9999
2 37746   0.0828 268.2038 0004611 203.7692  72.8267  1.00273074 20836
SES-3                   
1 37748U 11035A   17051.58242535 -.00000110  00000-0  00000+0 0  9999
2 37748   0.0658 287.2935 0002615  45.8050 284.2488  1.00271897 20566
KAZSAT-2                
1 37749U 11035B   17051.65239683 -.00000207  00000-0  00000+0 0  9995
2 37749   0.0447 281.6598 0001176 127.9529  62.5223  1.00272002 20440
ASTRA 1N                
1 37775U 11041A   17051.24586431  .00000111  00000-0  00000+0 0  9995
2 37775   0.0543 337.0433 0004722  34.7128 246.2898  1.00271072 20265
BSAT-3C (JCSAT-110R)    
1 37776U 11041B   17051.40804729 -.00000359  00000-0  00000+0 0  9992
2 37776   0.0484 285.3884 0000515 167.0668 314.9153  1.00272167 20397
PAKSAT-1R               
1 37779U 11042A   17052.12278544  .00000145  00000-0  00000+0 0  9998
2 37779   0.0080 264.3455 0003663  73.8984 255.1591  1.00273143 20156
CHINASAT 1A (ZX 1A)     
1 37804U 11047A   17050.76784352 -.00000347  00000-0  00000+0 0  9994
2 37804   0.0620 276.6120 0002307  73.5088 205.9992  1.00269337 19949
COSMOS 2473             
1 37806U 11048A   17051.61883380 -.00000117  00000-0  00000+0 0  9998
2 37806   0.0399 113.0772 0003564 252.3003 354.6022  1.00272871 19944
SES-2                   
1 37809U 11049A   17051.46932355 -.00000205  00000-0  00000+0 0  9990
2 37809   0.0467 295.0261 0002221  33.1810 264.3148  1.00272655 19886
ARABSAT-5C              
1 37810U 11049B   17051.24586431  .00000114  00000-0  00000+0 0  9996
2 37810   0.0631   5.1031 0002992 325.9586 287.7782  1.00270951 19771
EUTELSAT 7 WEST A       
1 37816U 11051A   17051.60156305 -.00000069  00000-0  00000+0 0  9998
2 37816   0.0769  47.2613 0002285 230.7459  81.9430  1.00273159 19844
QUETZSAT 1              
1 37826U 11054A   17052.05673104 -.00000250  00000-0  00000+0 0  9995
2 37826   0.0198  62.8925 0002726 287.6583 104.0074  1.00271954 19975
INTELSAT 18 (IS-18)     
1 37834U 11056A   17052.20710368  .00000045  00000-0  00000+0 0  9998
2 37834   0.0160 102.8736 0001749 236.5586  66.4376  1.00276300 19738
EUTELSAT 16A            
1 37836U 11057A   17051.89369377  .00000095  00000-0  00000+0 0  9990
2 37836   0.0664   7.1447 0004650 323.8912 157.6503  1.00271033 19667
VIASAT-1                
1 37843U 11059A   17052.21626762 -.00000032  00000-0  00000+0 0  9993
2 37843   0.0227 123.2494 0002242 214.8999 135.9280  1.00271076 20155
ASIASAT 7               
1 37933U 11069A   17051.81615483 -.00000343  00000-0  00000+0 0  9992
2 37933   0.0607 279.4184 0001344  41.0826 229.7291  1.00273421 19336
LUCH 5A                 
1 37951U 11074B   17051.34113832 -.00000055  00000-0  00000+0 0  9997
2 37951   1.5655 192.2987 0004573 127.9539 119.9759  1.00273704 19052
NIGCOMSAT 1R            
1 38014U 11077A   17052.11747786  .00000136  00000-0  00000+0 0  9997
2 38014   0.0052 103.2994 0000967 192.5939 300.1049  1.00271512 18907
FENGYUN 2F              
1 38049U 12002A   17050.84099263 -.00000365  00000-0  00000-0 0  9998
2 38049   1.4773  77.7269 0000925 202.7179 283.9167  1.00260499 18758
SES-4                   
1 38087U 12007A   17052.14118039 -.00000177  00000-0  00000+0 0  9993
2 38087   0.0228  16.8712 0002490 299.0071 224.1645  1.00270412 18367
BEIDOU G5               
1 38091U 12008A   17051.76482630  .00000048  00000-0  00000+0 0  9993
2 38091   2.0241  54.4851 0003823 232.6676 197.7283  1.00270650 18352
INTELSAT 22 (IS-22)     
1 38098U 12011A   17051.38163941 -.00000067  00000-0  00000+0 0  9995
2 38098   0.0233  49.1068 0002015 282.5489  28.3092  1.00272334 17927
APSTAR 7                
1 38107U 12013A   17051.59609995 -.00000110  00000-0  00000+0 0  9994
2 38107   0.0336  83.3291 0002583 244.4177 114.0282  1.00271516 18040
YAHSAT 1B               
1 38245U 12016A   17051.44955326  .00000117  00000-0  00000+0 0  9992
2 38245   0.0125 171.9004 0001791 181.8413   6.2319  1.00274183 17799
JCSAT-13                
1 38331U 12023A   17050.24062604 -.00000366  00000-0  00000-0 0  9999
2 38331   0.0075 147.0726 0002227 213.9299 358.9980  1.00270204 17395
VINASAT-2               
1 38332U 12023B   17051.86440331 -.00000338  00000-0  00000+0 0  9994
2 38332   0.0403 292.4958 0002601  67.2258 234.2581  1.00271932 17486
NIMIQ 6                 
1 38342U 12026A   17050.83643717 -.00000183  00000-0  00000+0 0  9995
2 38342   0.0603 284.5358 0002660  61.2903  14.1414  1.00272585 17464
CHINASAT 2A (ZX 2A)     
1 38352U 12028A   17052.04740389 -.00000301  00000-0  00000+0 0  9998
2 38352   0.0603 277.9527 0005709  67.6202 280.8574  1.00269545 17515
INTELSAT 19 (IS-19)     
1 38356U 12030A   17050.12424546 -.00000067  00000-0  00000-0 0  9996
2 38356   0.0219 291.2691 0002908  41.9748  26.7152  1.00272265 16332
ECHOSTAR 17             
1 38551U 12035A   17050.88079738 -.00000084  00000-0  00000+0 0  9998
2 38551   0.0090 107.1754 0001861 219.9531  32.8351  1.00271763 16998
METEOSAT-10 (MSG-3)     
1 38552U 12035B   17050.58429322 -.00000015  00000-0  00000-0 0  9999
2 38552   0.7002  45.5480 0000404 202.4412 111.9823  1.00266695 16752
SES-5                   
1 38652U 12036A   17052.06841272  .00000025  00000-0  00000+0 0  9997
2 38652   0.0449 274.3646 0001813  59.8944 206.4963  1.00271768 16949
TIANLIAN 1-03           
1 38730U 12040A   17051.55204815  .00000064  00000-0  00000+0 0  9991
2 38730   0.1540 268.8636 0001483 110.7043 340.4135  1.00275781 16866
INTELSAT 20 (IS-20)     
1 38740U 12043A   17051.39165578 -.00000033  00000-0  00000+0 0  9996
2 38740   0.0215 124.7172 0001186  62.9181 172.3388  1.00272128 16708
HYLAS 2                 
1 38741U 12043B   17051.49545351  .00000145  00000-0  00000+0 0  9992
2 38741   0.0507 285.2691 0001912  78.1270 356.5810  1.00272212 16729
INTELSAT 21 (IS-21)     
1 38749U 12045A   17050.74475785 -.00000294  00000-0  00000+0 0  9998
2 38749   0.0116 110.5114 0002029 231.8174  17.6391  1.00273450 16504
ASTRA 2F                
1 38778U 12051A   17050.50590183  .00000140  00000-0  00000+0 0  9990
2 38778   0.0782 244.7943 0002446  30.8221  84.3304  1.00269334 16150
GSAT-10                 
1 38779U 12051B   17051.35151997 -.00000174  00000-0  00000+0 0  9999
2 38779   0.0620 271.7205 0001061  81.5438   6.7098  1.00273563 16166
INTELSAT 23 (IS-23)     
1 38867U 12057A   17050.73088858 -.00000294  00000-0  00000+0 0  9992
2 38867   0.0540 277.3231 0001569  77.2696   5.3805  1.00268002 15978
BEIDOU G6               
1 38953U 12059A   17051.04449735 -.00000184  00000-0  10000-3 0  9993
2 38953   1.4158  79.8635 0005417 186.4839 343.8429  1.00269881 15917
LUCH 5B                 
1 38977U 12061A   17049.34272583 -.00000142  00000-0  00000+0 0  9996
2 38977   3.3043  75.4060 0003499 241.8695 298.2739  1.00270160 16027
YAMAL 300K              
1 38978U 12061B   17051.36437079  .00000062  00000-0  00000+0 0  9995
2 38978   0.0142 148.5884 0000397 295.2244  20.7513  1.00271528 15740
STAR ONE C3             
1 38991U 12062A   17051.25699733 -.00000258  00000-0  00000+0 0  9994
2 38991   0.0120 114.7907 0002624 216.7566 196.3350  1.00272754 15721
EUTELSAT 21B            
1 38992U 12062B   17051.52159905  .00000121  00000-0  00000+0 0  9995
2 38992   0.0664   7.6188 0002382 325.8709  26.4741  1.00270797 15742
ECHOSTAR 16             
1 39008U 12065A   17050.75445619 -.00000291  00000-0  00000+0 0  9990
2 39008   0.0031 157.9742 0001669 163.6895  38.2995  1.00270313 15673
CHINASAT 12 (ZX 12)     
1 39017U 12067A   17052.05153053 -.00000216  00000-0  00000+0 0  9992
2 39017   0.0138 111.2026 0002651 233.0965 272.8971  1.00272985 15588
EUTELSAT 70B            
1 39020U 12069A   17050.38875841 -.00000053  00000-0  00000-0 0  9998
2 39020   0.0802 322.6988 0002425 337.4907  59.7611  1.00270964 15374
YAMAL 402               
1 39022U 12070A   17051.82492580  .00000077  00000-0  10000-3 0  9996
2 39022   0.0114 119.8342 0002948 235.6827 147.2629  1.00272741 15470
SKYNET 5D               
1 39034U 12075A   17052.12493199  .00000091  00000-0  00000+0 0  9996
2 39034   0.0707   3.0992 0004039 337.3235 268.4967  1.00270594 15398
MEXSAT 3                
1 39035U 12075B   17051.89937552 -.00000034  00000-0  00000+0 0  9994
2 39035   0.0553 253.7872 0001448  68.1921  37.9866  1.00272075 15350
TDRS 11                 
1 39070U 13004A   17050.97199720  .00000090  00000-0  00000+0 0  9992
2 39070   5.5437 328.7733 0011446 300.4576  59.5123  1.00274196 14852
AMAZONAS 3              
1 39078U 13006A   17050.75300271 -.00000292  00000-0  00000+0 0  9998
2 39078   0.0528 248.2142 0002496  37.5222  74.2111  1.00273715 14837
AZERSPACE 1             
1 39079U 13006B   17050.45672576  .00000124  00000-0  00000+0 0  9999
2 39079   0.0357 293.7116 0002147  61.2673   4.9935  1.00270919 14793
EUTELSAT 117 WEST A     
1 39122U 13012A   17051.90494659 -.00000022  00000-0  00000+0 0  9998
2 39122   0.0112 100.1454 0002709 236.5131  23.3054  1.00271681 14342
ANIK G1                 
1 39127U 13014A   17050.88135057 -.00000083  00000-0  00000+0 0  9992
2 39127   0.0405 285.7498 0002249  28.9227  45.2843  1.00272169 14125
CHINASAT 11 (ZX 11)     
1 39157U 13020A   17051.81011119 -.00000299  00000-0  00000+0 0  9997
2 39157   0.0253 274.6547 0003033  27.2918 238.5963  1.00270453 14025
EUTELSAT 7B             
1 39163U 13022A   17051.56203380  .00000039  00000-0  00000+0 0  9992
2 39163   0.0479 340.2517 0005602  12.2236   7.4920  1.00272385 13874
SES-6                   
1 39172U 13026A   17050.31423321 -.00000271  00000-0  00000+0 0  9996
2 39172   0.0282  64.1945 0001937 274.4666 243.3743  1.00270713 13584
IRNSS-1A                
1 39199U 13034A   17049.74978772  .00000079  00000-0  00000+0 0  9999
2 39199  28.6248 117.0935 0022184 163.4147 193.6425  1.00280349 13496
ALPHASAT                
1 39215U 13038A   17051.59832865  .00000130  00000-0  00000+0 0  9998
2 39215   1.5965  30.2762 0001948 316.7739  43.8616  1.00276266 13143
INSAT-3D                
1 39216U 13038B   17051.35405175 -.00000165  00000-0  00000+0 0  9992
2 39216   0.0112 188.6308 0001512 144.8781  26.4592  1.00273542 13177
EUTELSAT 25B            
1 39233U 13044A   17050.51349220  .00000134  00000-0  00000-0 0  9999
2 39233   0.0508  26.4468 0001769 324.1705   9.3541  1.00275293 12509
GSAT-7                  
1 39234U 13044B   17051.37625294 -.00000086  00000-0  00000+0 0  9999
2 39234   0.0456 261.8598 0003804  31.9753  66.1008  1.00272977 12773
AMOS-4                  
1 39237U 13045A   17050.40404062 -.00000002  00000-0  00000+0 0  9992
2 39237   0.0467 251.5269 0002613  66.5399  41.8876  1.00270711 12751
ASTRA 2E                
1 39285U 13056A   17050.50516527  .00000141  00000-0  00000+0 0  9991
2 39285   0.0643  41.4444 0002159 280.8682  37.6470  1.00273767 12456
SIRIUS FM-6             
1 39360U 13058A   17050.90588429 -.00000026  00000-0  00000+0 0  9994
2 39360   0.0213  88.8330 0000497  69.1137 202.0307  1.00270860 12210
RADUGA-1M 3             
1 39375U 13062A   17051.80932602 -.00000048  00000-0  00000+0 0  9995
2 39375   0.0230 177.3180 0002507 161.2705 173.6799  1.00273176 12009
SES-8                   
1 39460U 13071A   17051.31821971 -.00000279  00000-0  00000+0 0  9998
2 39460   0.0633 278.5779 0001867  95.8417 345.5612  1.00273145 11749
INMARSAT 5-F1           
1 39476U 13073A   17051.92797764  .00000020  00000-0  00000+0 0  9999
2 39476   0.0161 120.7824 0000559 345.1108  81.7846  1.00267504 11803
TKSAT-1 (TUPAC KATARI)  
1 39481U 13075A   17051.47534247 -.00000204  00000-0  00000+0 0  9997
2 39481   0.0246 114.1555 0003059 215.9421 264.3965  1.00272179 11716
EXPRESS-AM5             
1 39487U 13077A   17050.90761951 -.00000289  00000-0  00000+0 0  9999
2 39487   0.0437 283.7391 0001437 174.1503 158.8879  1.00271916 12237
GSAT-14                 
1 39498U 14001A   17050.37918653 -.00000086  00000-0  00000+0 0  9998
2 39498   0.1146 265.4081 0002939 124.8988 329.6843  1.00272925 11438
THAICOM 6               
1 39500U 14002A   17051.01176572 -.00000130  00000-0  00000+0 0  9991
2 39500   0.0600 125.3021 0000938 263.8999 203.6499  1.00273006 11380
TDRS 12                 
1 39504U 14004A   17049.63536439 -.00000275  00000-0  00000+0 0  9994
2 39504   6.1017 336.2350 0003356 351.5010   8.5694  1.00280154 11300
ABS-2                   
1 39508U 14006A   17051.37380912 -.00000094  00000-0  00000+0 0  9996
2 39508   0.0714 292.0521 0003537  47.5672  20.3422  1.00270700 11203
ATHENA-FIDUS            
1 39509U 14006B   17051.47670288  .00000145  00000-0  00000+0 0  9992
2 39509   0.0165 124.2534 0001258 237.2955 358.4515  1.00270978 11377
TURKSAT 4A              
1 39522U 14007A   17051.46497372  .00000137  00000-0  00000+0 0  9999
2 39522   0.0814 276.0518 0004462  26.4315  57.4493  1.00274307 11088
EXPRESS-AT1             
1 39612U 14010A   17051.60876036  .00000070  00000-0  00000+0 0  9993
2 39612   0.0477 291.5866 0000580 185.8303 308.4491  1.00272171 10921
EXPRESS-AT2             
1 39613U 14010B   17050.90495010 -.00000290  00000-0  00000+0 0  9990
2 39613   0.0372 278.8066 0000260 199.0507 137.7752  1.00274214 10747
AMAZONAS 4A             
1 39616U 14011A   17050.75298244 -.00000292  00000-0  00000+0 0  9999
2 39616   0.0904  80.1628 0004804 282.5214 357.2933  1.00271643 10732
ASTRA 5B                
1 39617U 14011B   17051.11677383  .00000146  00000-0  00000+0 0  9993
2 39617   0.0434 326.2816 0003070  15.9224 241.5290  1.00273379 10736
IRNSS-1B                
1 39635U 14017A   17049.25952296  .00000079  00000-0  00000+0 0  9995
2 39635  29.3053 296.7651 0016883 180.7034 179.3376  1.00272362 10656
LUCH 5V                 
1 39727U 14023A   17051.54435144 -.00000274  00000-0  00000+0 0  9995
2 39727   2.9316 299.1904 0003959  33.2525 108.8268  1.00268434528399
KAZSAT 3                
1 39728U 14023B   17051.41934039  .00000051  00000-0  00000+0 0  9991
2 39728   0.0146 103.4462 0001147 342.7788 273.7640  1.00273055 10311
EUTELSAT 3B             
1 39773U 14030A   17051.89757535  .00000011  00000-0  00000+0 0  9991
2 39773   0.0669 337.5611 0002578 347.6958 151.9389  1.00271650 10090
ASIASAT 8               
1 40107U 14046A   17051.57699478 -.00000117  00000-0  00000+0 0  9995
2 40107   0.0212  89.7606 0001633 323.7225 306.5077  0.99586011  9378
ASIASAT 6               
1 40141U 14052A   17051.62744161 -.00000371  00000-0  00000+0 0  9998
2 40141   0.0143  98.1717 0000500 266.1354 132.1991  1.00272664  9031
OPTUS 10                
1 40146U 14054A   17051.12708622 -.00000084  00000-0  00000+0 0  9993
2 40146   0.1051 307.5619 0001501  27.1336  25.2725  1.00271726  8999
MEASAT-3B               
1 40147U 14054B   17050.33063748 -.00000251  00000-0  00000+0 0  9995
2 40147   0.0344 310.6018 0002431  29.6357  19.7274  1.00273134  9033
LUCH (OLYMP)            
1 40258U 14058A   17050.81303314  .00000059  00000-0  00000-0 0  9997
2 40258   0.0127 181.5037 0001064 146.7634 124.2334  1.00274057  8809
HIMAWARI-8              
1 40267U 14060A   17050.19448947 -.00000285  00000-0  00000-0 0  9995
2 40267   0.0501 291.7605 0001026  68.9973 359.2166  1.00274047  8621
IRNSS-1C                
1 40269U 14061A   17051.05593544 -.00000172  00000-0  00000+0 0  9992
2 40269   3.2462 253.5455 0021023   8.1819 351.6242  1.00271410  8685
INTELSAT 30 (IS-30)     
1 40271U 14062A   17052.15648958 -.00000160  00000-0  00000+0 0  9995
2 40271   0.0167 113.5633 0002079 351.3373   7.6378  1.00278039  8644
ARSAT 1                 
1 40272U 14062B   17051.45052560 -.00000269  00000-0  00000+0 0  9996
2 40272   0.0270 232.1362 0000955 118.9606 249.8421  1.00272358  8753
EXPRESS-AM6             
1 40277U 14064A   17052.12493199  .00000089  00000-0  00000+0 0  9994
2 40277   0.0476 286.6451 0000359 165.3972 157.1342  1.00273504  8543
GSAT-16                 
1 40332U 14078A   17051.42903976  .00000076  00000-0  00000+0 0  9998
2 40332   0.0517 289.9445 0003641 146.7414 283.3304  1.00274687  8139
DIRECTV 14              
1 40333U 14078B   17051.58242535 -.00000134  00000-0  00000+0 0  9999
2 40333   0.0225 118.4403 0000423 260.6838 242.0159  1.00270355  8113
YAMAL 401               
1 40345U 14082A   17052.04705270 -.00000237  00000-0  00000+0 0  9993
2 40345   0.0370 133.9231 0000874 253.1510 230.9585  1.00271321  8283
ASTRA 2G                
1 40364U 14089A   17051.50334185  .00000141  00000-0  00000+0 0  9997
2 40364   0.0414 325.4711 0003573  65.0988 329.4266  1.00274297  7893
FENGYUN 2G              
1 40367U 14090A   17051.03554965 -.00000336  00000-0  00000+0 0  9997
2 40367   0.6753 264.4713 0001344 291.5969  71.3063  1.00262478  7909
INMARSAT 5-F2           
1 40384U 15005A   17051.50293098 -.00000294  00000-0  00000+0 0  9995
2 40384   0.0212 125.8605 0000417 256.0957 254.7173  1.00269733  7545
ABS-3A                  
1 40424U 15010A   17052.01298480 -.00000035  00000-0  00000+0 0  9996
2 40424   0.0098 117.9067 0001675 130.7359 264.1457  1.00273233  7288
EUTELSAT 115 WEST B     
1 40425U 15010B   17051.89971653 -.00000034  00000-0  00000+0 0  9991
2 40425   0.0079 328.8196 0000213 315.7285  75.4259  1.00271704  7312
EXPRESS-AM7             
1 40505U 15012A   17051.84624120  .00000142  00000-0  00000+0 0  9990
2 40505   0.0030 157.2500 0002218 156.4611 181.8627  1.00271564  7237
IRNSS-1D                
1 40547U 15018A   17050.09959523 -.00000300  00000-0  00000-0 0  9994
2 40547  29.2935 296.8899 0017970 182.0803 177.9571  1.00275539  6857
BEIDOU I1-S             
1 40549U 15019A   17051.25507491 -.00000181  00000-0  00000+0 0  9995
2 40549  54.5066 335.1067 0039119 184.2260 178.0848  1.00264866  6950
THOR 7                  
1 40613U 15022A   17051.58320298 -.00000017  00000-0  00000+0 0  9993
2 40613   0.0150 176.1868 0002508 165.6560  18.1242  1.00273081  6694
TURKMENALEM52E/MONACOSAT
1 40617U 15023A   17051.43729615  .00000095  00000-0  00000+0 0  9993
2 40617   0.0141  93.2061 0002834 257.7656   8.9990  1.00271181  6712
DIRECTV 15              
1 40663U 15026A   17050.86875163 -.00000112  00000-0  00000+0 0  9994
2 40663   0.0129 106.1178 0000310   4.0911 249.7697  1.00270414  6409
SKY MEXICO-1            
1 40664U 15026B   17051.79961913 -.00000243  00000-0  00000+0 0  9992
2 40664   0.0180 219.1071 0001971 132.4457   8.4201  1.00269177  6415
METEOSAT-11 (MSG-4)     
1 40732U 15034A   17050.28010923 -.00000037  00000-0  00000-0 0  9998
2 40732   2.0351 247.1288 0001859  60.9219 298.6736  1.00276244  5902
STAR ONE C4             
1 40733U 15034B   17051.77531222 -.00000274  00000-0  00000+0 0  9996
2 40733   0.0335 358.3238 0002974   4.3225 357.3313  1.00272181  5912
INTELSAT 34 (IS-34)     
1 40874U 15039A   17050.73789316 -.00000295  00000-0  00000+0 0  9994
2 40874   0.0126 135.1471 0001100  57.2143 167.6359  1.00271230  5547
EUTELSAT 8 WEST B       
1 40875U 15039B   17051.60349784 -.00000075  00000-0  00000+0 0  9999
2 40875   0.0673 351.5999 0004106 333.4994  34.8498  1.00271473  5566
GSAT-6                  
1 40880U 15041A   17051.35119470 -.00000173  00000-0  00000+0 0  9996
2 40880   0.1105 268.1851 0009572  15.4771  76.2069  1.00272218  5501
INMARSAT 5-F3           
1 40882U 15042A   17051.08386394  .00000041  00000-0  00000+0 0  9993
2 40882   0.0116 122.0579 0000721 327.9227 270.0031  1.00272100  5427
TJS-1                   
1 40892U 15046A   17050.83110344 -.00000166  00000-0  00000-0 0  9990
2 40892   0.0423 219.1635 0008177 129.5252 255.4785  1.00270862  5412
EXPRESS-AM8             
1 40895U 15048A   17052.09058819 -.00000121  00000-0  00000+0 0  9993
2 40895   0.0404 283.2702 0000419 194.2825  52.2175  1.00272130  5255
BEIDOU I2-S             
1 40938U 15053A   17051.18044398 -.00000127  00000-0  00000+0 0  9999
2 40938  54.3631 297.9954 0046103 172.6068 200.8389  1.00276890  5230
SKY MUSTER (NBN1A)      
1 40940U 15054A   17051.19289564 -.00000288  00000-0  00000+0 0  9998
2 40940   0.0119 174.6465 0001759 170.2502  15.0736  1.00272034  5154
ARSAT 2                 
1 40941U 15054B   17050.80849909 -.00000234  00000-0  00000+0 0  9992
2 40941   0.0169 171.2592 0001207 181.2447   7.4693  1.00272507  5187
MORELOS 3               
1 40946U 15056A   17051.81192583 -.00000046  00000-0  00000+0 0  9991
2 40946   6.5678 330.0104 0003454 357.9979   2.0727  1.00272470  5166
APSTAR 9                
1 40982U 15059A   17051.18797343 -.00000275  00000-0  00000+0 0  9993
2 40982   0.0486 273.8676 0001404  12.9767  73.1159  1.00274108  5029
TURKSAT 4B              
1 40984U 15060A   17051.44287291  .00000106  00000-0  00000+0 0  9994
2 40984   0.0129 125.1098 0001996 208.2892  26.5908  1.00271584  4980
CHINASAT 2C (ZX 2C)     
1 41021U 15063A   17052.04583561 -.00000332  00000-0  00000+0 0  9998
2 41021   0.0429 270.5377 0004054  97.4699 263.0548  1.00269497  4889
GSAT-15                 
1 41028U 15065A   17051.32229418 -.00000267  00000-0  00000+0 0  9992
2 41028   0.0537 275.6607 0001555  36.6278  47.6739  1.00272628  4731
BADR-7 (ARABSAT-6B)     
1 41029U 15065B   17051.50924884  .00000136  00000-0  00000+0 0  9996
2 41029   0.0642 262.5385 0003594 354.0682 103.3291  1.00276401  4789
LAOSAT 1                
1 41034U 15067A   17051.22537524 -.00000352  00000-0  00000+0 0  9995
2 41034   0.0537 294.6565 0000976 312.0273 113.2816  1.00271286  4717
TELSTAR 12V             
1 41036U 15068A   17050.62568068 -.00000129  00000-0  00000+0 0  9990
2 41036   0.0187 135.0639 0002186 204.5014  20.4259  1.00269679  4592
CHINASAT 1C (ZX 1C)     
1 41103U 15073A   17050.53591943 -.00000159  00000-0  00000-0 0  9993
2 41103   0.0276 239.2231 0004896  59.6460 125.1776  1.00269245  4535
ELEKTRO-L 2             
1 41105U 15074A   17047.11331881 -.00000112  00000-0  00000+0 0  9997
2 41105   0.0842 110.5600 0000973 266.7994 245.7556  1.00272715  4342
COSMOS 2513             
1 41121U 15075A   17051.54939390 -.00000147  00000-0  00000+0 0  9995
2 41121   0.0532 103.9103 0003109 235.9105  88.8547  1.00272368  4470
EXPRESS-AMU1            
1 41191U 15082A   17051.17890874  .00000147  00000-0  00000+0 0  9991
2 41191   0.0157 116.5741 0001896 196.5503 297.6327  1.00273524  4373
GAOFEN 4                
1 41194U 15083A   17051.73515567 -.00000344  00000-0  00000+0 0  9990
2 41194   0.1490 274.6091 0002667 319.9093 286.7364  1.00274670  4365
BELINTERSAT-1           
1 41238U 16001A   17051.75318586  .00000098  00000-0  10000-3 0  9994
2 41238   0.0359  56.1613 0001304 248.0655 169.2387  1.00273520  4153
IRNSS-1E                
1 41241U 16003A   17050.59801748 -.00000303  00000-0  00000+0 0  9993
2 41241  28.5976 116.7396 0021188 182.5832 177.4538  1.00270188  4054
INTELSAT 29E (IS-29E)   
1 41308U 16004A   17049.72532816 -.00000292  00000-0  00000-0 0  9996
2 41308   0.0522 278.2911 0001382  36.2843  45.3869  1.00272333  4041
EUTELSAT 9B             
1 41310U 16005A   17051.55643395  .00000052  00000-0  00000+0 0  9991
2 41310   0.0307 131.9415 0005186 194.8649  33.1369  1.00271609  3987
SES-9                   
1 41380U 16013A   17050.28410504 -.00000355  00000-0  00000+0 0  9997
2 41380   0.0511 293.8306 0001147  79.5933 346.5535  1.00272633  3610
EUTELSAT 65 WEST A      
1 41382U 16014A   17051.76201735 -.00000285  00000-0  00000+0 0  9990
2 41382   0.0540 337.5653 0001959   9.1361  13.2696  1.00271914  3527
IRNSS-1F                
1 41384U 16015A   17050.23824022  .00000149  00000-0  00000+0 0  9992
2 41384   4.4021 267.8332 0018260 172.7583 187.1598  1.00279465  3550
BEIDOU IGSO 6           
1 41434U 16021A   17051.03291569 -.00000098  00000-0  10000-3 0  9997
2 41434  55.3801  73.6873 0026920 186.0891 354.9195  1.00256417  3359
IRNSS-1G                
1 41469U 16027A   17050.97041604 -.00000344  00000-0  00000+0 0  9995
2 41469   4.4749 269.0922 0002919  27.6760 332.2440  1.00273140  3068
JCSAT 2B                
1 41471U 16028A   17051.15476824 -.00000174  00000-0  00000+0 0  9997
2 41471   0.0139 118.9825 0001444 219.6458  21.3412  1.00271477  2952
THAICOM 8               
1 41552U 16031A   17050.36667795 -.00000131  00000-0  00000+0 0  9995
2 41552   0.0562  47.5323 0004814 310.4843   1.9559  1.00273490  2643
INTELSAT 31 (IS-31)     
1 41581U 16035A   17050.84738312 -.00000160  00000-0  00000+0 0  9990
2 41581   0.0307 237.8066 0002602 328.3398 153.8157  1.00272734  2579
BEIDOU G7               
1 41586U 16037A   17051.05197728 -.00000257  00000-0  00000+0 0  9998
2 41586   1.4279 313.1290 0002358 322.3579  37.8430  1.00268389  2663
ABS-2A                  
1 41588U 16038A   17048.37982725 -.00000163  00000-0  00000+0 0  9997
2 41588   0.0885 288.0145 0012883  80.5016 351.4763  1.00521342  2558
EUTELSAT 117 WEST B     
1 41589U 16038B   17050.90823049 -.00000020  00000-0  00000+0 0  9995
2 41589   0.0149 231.8647 0000221  37.8294  90.2786  1.00270768  2580
BRISAT                  
1 41591U 16039A   17051.16444440 -.00000206  00000-0  00000+0 0  9998
2 41591   0.0075 119.2763 0002153 210.2421  30.4447  1.00271486  2515
ECHOSTAR 18             
1 41592U 16039B   17050.75401043 -.00000291  00000-0  00000+0 0  9999
2 41592   0.0433 282.1651 0002227  57.1281  20.6726  1.00272540  2494
TIANTONG-1 1            
1 41725U 16048A   17051.64848804 -.00000321  00000-0  00000+0 0  9990
2 41725   4.7447 325.1820 0006373  17.8390 142.6308  1.00274573  2145
JCSAT-16                
1 41729U 16050A   17052.12971015 -.00000101  00000-0  00000+0 0  9998
2 41729   0.0038 164.2142 0001807 171.5095  24.2443  1.00271917  1952
INTELSAT 36 (IS-36)     
1 41747U 16053A   17050.39443331 -.00000032  00000-0  00000+0 0  9996
2 41747   0.0128  82.7725 0002983 279.0140 358.1891  1.00264637  1838
INTELSAT 33E (IS-33E)   
1 41748U 16053B   17050.41786487  .00000040  00000-0  00000+0 0  9990
2 41748   0.0169 100.3298 0001636 234.1816  25.4551  1.00270836  2074
INSAT-3DR               
1 41752U 16054A   17050.37870698 -.00000086  00000-0  00000-0 0  9991
2 41752   0.0858 264.8585 0014672  14.8473  80.1030  1.00271831  1687
GSAT-18                 
1 41793U 16060A   17050.37933924 -.00000086  00000-0  00000+0 0  9994
2 41793   0.0661 264.1406 0004911 183.2435 272.6465  1.00272556  1408
SKY MUSTER 2            
1 41794U 16060B   17051.18027649 -.00000254  00000-0  00000+0 0  9990
2 41794   0.0142 137.5708 0001441 203.4901  18.9337  1.00270471  1446
HIMAWARI-9              
1 41836U 16064A   17051.19142797 -.00000284  00000-0  00000+0 0  9997
2 41836   0.0131 116.0642 0000955 250.5805 353.3566  1.00268980  1177
SHIJIAN-17 (SJ-17)      
1 41838U 16065A   17050.96062047 -.00000093  00000-0  00000-0 0  9992
2 41838   0.9855  86.9147 0007821 333.2312 238.7954  1.00272248  1097
GOES 16                 
1 41866U 16071A   17050.83204426 -.00000192  00000-0  00000+0 0  9994
2 41866   0.0475 295.7527 0001862  78.1214 346.1060  1.00272079   974
TIANLIAN 1-04           
1 41869U 16072A   17048.57317141 -.00000116  00000-0  00000+0 0  9991
2 41869   2.9017 290.6934 0003178 106.8353  33.4239  1.00270703  1158
FENGYUN 4A              
1 41882U 16077A   17051.00434578 -.00000308  00000-0  00000+0 0  9990
2 41882   0.2504 271.7848 0002771 193.7364 145.5500  1.00267580   844
ECHOSTAR 19             
1 41893U 16079A   17051.52812970 -.00000147  00000-0  00000+0 0  9998
2 41893   0.0174 109.0645 0002163 243.1968 251.3835  1.00272336   606
STAR ONE D1             
1 41904U 16082B   17051.14214866 -.00000220  00000-0  00000+0 0  9995
2 41904   0.0340 173.4598 0001975 191.6967 112.2478  1.00270865   650
