STARLETTE               
1 07646U 75010A   17052.77485539 -.00000141  00000-0  17819-5 0  9997
2 07646  49.8227 213.8809 0205728 343.5397  15.8884 13.82302250123888
LAGEOS 1                
1 08820U 76039A   17051.80365677  .00000028  00000-0  00000+0 0  9998
2 08820 109.8420  93.5449 0044554 310.8283 237.4961  6.38664782696200
AJISAI (EGS)            
1 16908U 86061A   17052.22928021 -.00000106  00000-0 -62554-4 0  9991
2 16908  50.0087 171.0968 0011526 158.4203 224.1173 12.44485229 57009
LAGEOS 2                
1 22195U 92070B   17051.77538274 -.00000009  00000-0  00000+0 0  9993
2 22195  52.6447 257.6360 0137441 138.9991 235.3807  6.47294326575297
STELLA                  
1 22824U 93061B   17052.20438632 -.00000039  00000-0  27548-5 0  9994
2 22824  98.8027   8.1370 0006929  32.2701  81.7310 14.27367234219465
GRACE-1                 
1 27391U 02012A   17052.51253650  .00014360  00000-0  91512-4 0  9995
2 27391  88.9971 337.7692 0008132 119.8232   0.2553 15.76216177839225
GRACE-2                 
1 27392U 02012B   17051.85624320  .00013918  00000-0  88995-4 0  9997
2 27392  88.9981 337.9809 0008052 121.7668 238.4394 15.76137997839056
LARES                   
1 38077U 12006A   17052.48138068 -.00000022  00000-0  10000-3 0  9996
2 38077  69.4947 344.3734 0008252 358.5439   1.5563 12.54930774230252
