GOES 1 (SMS-C) [-]      
1 08366U 75100A   18310.60857458  .00000016  00000-0  00000+0 0  9998
2 08366  11.1636 312.3542 0006071 306.1787 237.7379  1.00281661157331
GOES 2 [-]              
1 10061U 77048A   18310.59878458 -.00000015  00000-0  00000+0 0  9997
2 10061  12.5035 321.8014 0017797 333.8070 221.4340  0.99394108 95889
GOES 3 [-]              
1 10953U 78062A   18310.45231788 -.00000196  00000-0  00000+0 0  9998
2 10953  12.7003 325.5486 0004460 322.8446 210.5276  0.99359655100970
GOES 4 [-]              
1 11964U 80074A   18310.60660403 -.00000025  00000-0  00000+0 0  9995
2 11964  13.5292 329.2786 0033455  24.1277 170.3513  0.99227368100046
GOES 5 [-]              
1 12472U 81049A   18310.44643958  .00000073  00000-0  00000+0 0  9993
2 12472  13.8840 339.6677 0005469 284.5428 160.1428  1.00279332 95081
GOES 6 [-]              
1 14050U 83041A   18310.50059171  .00000044  00000-0  00000+0 0  9994
2 14050  14.1962 344.6134 0002672 278.7489 188.0297  1.00277814188183
GOES 7 [-]              
1 17561U 87022A   18310.50004309  .00000082  00000-0  00000+0 0  9992
2 17561  15.0682   0.6018 0006687 316.3300 125.9511  0.99897230 99214
GOES 8 [-]              
1 23051U 94022A   18309.90536072 -.00000116  00000-0  00000+0 0  9999
2 23051  11.9675  34.3345 0008030 257.2552  97.1887  0.98906381 96620
GOES 9 [-]              
1 23581U 95025A   18309.84237635  .00000033  00000-0  00000+0 0  9994
2 23581  11.4596  34.0203 0001713 184.6216 192.1392  0.98798010 85281
GOES 10 [-]             
1 24786U 97019A   18309.99289668 -.00000205  00000-0  00000+0 0  9998
2 24786   9.9157  39.1757 0029509 179.8698 180.0543  0.99126289 78502
GOES 11 [-]             
1 26352U 00022A   18310.54798758  .00000051  00000-0  00000+0 0  9993
2 26352   5.9723  69.5006 0006516 184.0971 233.3765  0.99040378 67462
GOES 12 [-]             
1 26871U 01031A   18309.91548010  .00000061  00000-0  00000+0 0  9994
2 26871   7.2191  56.4784 0010234 234.6114 152.4526  0.99134412 63176
GOES 13 [B]             
1 29155U 06018A   18310.04083073 -.00000296  00000-0  00000+0 0  9992
2 29155   0.1555 105.8365 0007317 315.7507 298.5118  1.00275812 45643
GOES 14 [S]             
1 35491U 09033A   18310.16295518 -.00000107  00000-0  00000-0 0  9996
2 35491   0.2466 278.4207 0011625 309.7793 131.7257  1.00271797 34259
GOES 15 [+]             
1 36411U 10008A   18310.23265906  .00000017  00000-0  00000-0 0  9998
2 36411   0.2664 278.6103 0010392 112.4572 329.0199  1.00504441 31803
GOES 16 [+]             
1 41866U 16071A   18311.08045533 -.00000259  00000-0  00000+0 0  9998
2 41866   0.0020  29.5847 0000255 220.2384 110.1999  1.00271650  7242
GOES-S [+]              
1 43226U 18022A   18310.20759191  .00000064  00000-0  00000+0 0  9996
2 43226   0.0071  18.1228 0001845 328.6424  13.2555  0.99582265  2566
