INTELSAT 26 (IS-26)     
1 24732U 97007A   19209.66849687  .00000015  00000-0  00000+0 0  9991
2 24732   8.5820  44.9320 0003231  45.0559 158.8968  1.00273253 82055
GALAXY 25 (G-25)        
1 24812U 97026A   19210.16993914 -.00000093  00000-0  00000+0 0  9998
2 24812   1.1694  93.1085 0004850  34.5191 220.6215  1.00616400 81157
INTELSAT 5 (IS-5)       
1 24916U 97046A   19209.70059970  .00000089  00000-0  00000-0 0  9993
2 24916   5.0551  67.3094 0003708  47.2961 306.6598  1.00273168 80391
INTELSAT 805 (IS-805)   
1 25371U 98037A   19209.83346000 -.00000031  00000-0  00000-0 0  9995
2 25371   1.7008  90.3384 0003169  48.1898 276.8090  1.00272574 77329
GALAXY 11 (G-11)        
1 26038U 99071A   19209.85291361 -.00000161  00000-0  00000-0 0  9990
2 26038   0.4612 102.3260 0000851  24.7075  33.1223  1.00270755 71860
INTELSAT 9 (IS-9)       
1 26451U 00043A   19209.74107715 -.00000010  00000-0  00000-0 0  9990
2 26451   5.0419  67.5079 0002562  64.2758 147.2436  1.00271896 18921
INTELSAT 12 (IS-12)     
1 26590U 00068A   19210.81750821  .00000009  00000-0  00000+0 0  9999
2 26590   2.1707  87.8400 0004840  10.4750 207.3915  1.00271408 68588
INTELSAT 1R (IS-1R)     
1 26608U 00072A   19210.83603472 -.00000142  00000-0  00000+0 0  9994
2 26608   1.9734  88.9777 0000425  31.4634 284.7994  1.00271435 68444
INTELSAT 10 (IS-10)     
1 26766U 01019A   19209.88091632  .00000123  00000-0  00000-0 0  9992
2 26766   3.1647  81.0994 0002569  15.0904 214.6637  1.00270267 20413
INTELSAT 901 (IS-901)   
1 26824U 01024A   19209.86565003 -.00000214  00000-0  00000-0 0  9991
2 26824   1.1491  92.9775 0003051  49.5583  85.8199  1.00271099 66463
INTELSAT 902 (IS-902)   
1 26900U 01039A   19210.45818360  .00000032  00000-0  00000+0 0  9992
2 26900   0.0391 267.6443 0003062 224.8449  41.2513  1.00272698 65550
DIRECTV 4S              
1 26985U 01052A   19210.47063552 -.00000114  00000-0  00000+0 0  9999
2 26985   0.0338 303.0181 0002201 127.0381 305.0035  1.00271786 64782
INTELSAT 904 (IS-904)   
1 27380U 02007A   19210.44248113 -.00000150  00000-0  00000+0 0  9995
2 27380   0.7004  96.8504 0002725  51.6682 301.3322  1.00149589 63874
INTELSAT 903 (IS-903)   
1 27403U 02016A   19209.86878632 -.00000225  00000-0  00000-0 0  9994
2 27403   1.5330  91.3815 0002631  29.2914 106.8119  1.00271439 63424
DIRECTV 5 (TEMPO 1)     
1 27426U 02023A   19210.43104920 -.00000057  00000-0  00000+0 0  9996
2 27426   0.0185  78.3902 0003084  56.1305 217.3118  1.00270785 63092
INTELSAT 905 (IS-905)   
1 27438U 02027A   19210.22688354 -.00000185  00000-0  00000+0 0  9990
2 27438   0.5196  98.2418 0002483  36.0704 229.4466  1.00270852 62754
GALAXY 3C (G-3C)        
1 27445U 02030A   19209.85256465 -.00000150  00000-0  00000-0 0  9996
2 27445   0.0215 324.5338 0001653   1.6007 191.9773  1.00271324 21289
INTELSAT 906 (IS-906)   
1 27513U 02041A   19209.90669382  .00000015  00000-0  00000+0 0  9994
2 27513   0.0064 102.0391 0002404  39.2594 195.5186  1.00272428 61747
INTELSAT 907 (IS-907)   
1 27683U 03007A   19210.44030024 -.00000204  00000-0  00000+0 0  9992
2 27683   0.0178  77.4894 0002090  62.1263 298.1850  1.00269454 60172
GALAXY 12 (G-12)        
1 27715U 03013B   19209.70216994  .00000059  00000-0  00000-0 0  9992
2 27715   0.7356  95.4550 0002249  48.8191 285.5646  1.00272091 59788
GALAXY 23 (G-23)        
1 27854U 03034A   19209.74007819  .00000014  00000-0  00000+0 0  9997
2 27854   0.0142  84.1304 0003134  46.5556 320.8423  1.00272742 63328
GALAXY 13 (HORIZONS 1)  
1 27954U 03044A   19210.42132632  .00000047  00000-0  00000+0 0  9994
2 27954   0.0074  52.7494 0001773 137.0331 141.6620  1.00273300 57948
DIRECTV 7S              
1 28238U 04016A   19209.70417637  .00000003  00000-0  00000-0 0  9993
2 28238   0.0192 321.5984 0002895 173.2912 305.6138  1.00272239 55831
INTELSAT 10-02          
1 28358U 04022A   19210.37382649 -.00000012  00000-0  00000+0 0  9992
2 28358   0.0174 100.1072 0002600  37.4241 302.7779  1.00271634 55414
XM-3 (RHYTHM)           
1 28626U 05008A   19210.71785413 -.00000207  00000-0  00000+0 0  9995
2 28626   0.0087 299.2852 0000095 291.0178 250.0746  1.00270086 52858
SPACEWAY 1              
1 28644U 05015A   19209.75118676  .00000105  00000-0  00000-0 0  9993
2 28644   0.3711  97.1144 0000067 149.7112 190.8171  1.00271396 52296
DIRECTV 8               
1 28659U 05019A   19210.19163160 -.00000116  00000-0  00000+0 0  9993
2 28659   0.0252  79.7536 0002665  47.6792 147.3350  1.00270901 51966
GALAXY 28 (G-28)        
1 28702U 05022A   19209.72340970 -.00000184  00000-0  00000+0 0  9994
2 28702   0.0043 359.2781 0001781 171.9647 306.2618  1.00272606 51607
GALAXY 14 (G-14)        
1 28790U 05030A   19210.63648792  .00000035  00000-0  00000+0 0  9999
2 28790   0.0338 275.1711 0002244 216.1382 279.8018  1.00271449 51099
GALAXY 15 (G-15)        
1 28884U 05041A   19210.42688337  .00000078  00000-0  00000+0 0  9998
2 28884   0.0595 269.5353 0001937 216.2932 201.6080  1.00272640 50407
SPACEWAY 2              
1 28903U 05046B   19209.85169230 -.00000125  00000-0  00000-0 0  9991
2 28903   0.0198 242.1224 0000070  28.4229 243.2049  1.00271589 26110
GALAXY 16 (G-16)        
1 29236U 06023A   19209.85177954 -.00000126  00000-0  00000-0 0  9990
2 29236   0.0148 319.7850 0002645 183.5725  10.4830  1.00272382 48001
DIRECTV 9S              
1 29494U 06043A   19210.72896821 -.00000116  00000-0  00000+0 0  9995
2 29494   0.0261 178.5689 0002738 312.4066 337.4294  1.00271305 46893
XM-4 (BLUES)            
1 29520U 06049A   19209.72075292 -.00000021  00000-0  00000-0 0  9996
2 29520   0.0092 288.8104 0000295 237.3688 284.1069  1.00271585 26260
GALAXY 17 (G-17)        
1 31307U 07016B   19210.15560994 -.00000175  00000-0  00000+0 0  9993
2 31307   0.0226  76.6330 0002893  56.7186 138.1889  1.00272507 44859
DIRECTV 10              
1 31862U 07032A   19210.44675851 -.00000104  00000-0  00000+0 0  9990
2 31862   0.0493 248.5078 0000727 308.6484 167.7139  1.00272098 44192
SPACEWAY 3              
1 32018U 07036A   19209.72896685 -.00000150  00000-0  00000-0 0  9999
2 32018   0.0073 301.6391 0000202 341.3318 190.5964  1.00270433 21351
INTELSAT 11 (IS-11)     
1 32253U 07044B   19210.79613542 -.00000271  00000-0  00000+0 0  9990
2 32253   0.0149  63.0519 0001200  89.7609  37.9489  1.00270042 43314
HORIZONS 2              
1 32388U 07063B   19210.10380410 -.00000183  00000-0  00000+0 0  9992
2 32388   0.0143  84.1735 0002810  48.1180 296.3993  1.00272595 42665
DIRECTV 11              
1 32729U 08013A   19209.85169230 -.00000125  00000-0  00000-0 0  9999
2 32729   0.0091 301.2571 0000267 347.6419 224.7493  1.00272091 20390
GALAXY 18 (G-18)        
1 32951U 08024A   19210.74007953  .00000023  00000-0  00000+0 0  9996
2 32951   0.0273  82.4540 0002867  57.1606 310.8929  1.00271237 40879
INTELSAT 25 (IS-25)     
1 33153U 08034A   19210.77480160 -.00000226  00000-0  00000+0 0  9996
2 33153   0.0221 101.8219 0000883 100.2896 352.4514  1.00268755 40427
GALAXY 19 (G-19)        
1 33376U 08045A   19210.19769543 -.00000140  00000-0  00000+0 0  9991
2 33376   0.0108 342.9573 0003155 151.2480 146.5156  1.00273549 39619
SIRIUS FM-5             
1 35493U 09034A   19209.85430937 -.00000199  00000-0  00000-0 0  9990
2 35493   0.0382 279.5476 0000691  80.7070 167.3675  1.00271952 21484
INTELSAT 14 (IS-14)     
1 36097U 09064A   19210.18136701 -.00000274  00000-0  00000+0 0  9997
2 36097   0.0233  84.5640 0002103  48.4973 193.7824  1.00269402 35481
INTELSAT 15 (IS-15)     
1 36106U 09067A   19210.80157331 -.00000187  00000-0  00000+0 0  9995
2 36106   0.0196 320.0467 0002075 174.0326 186.7911  1.00270696 35386
DIRECTV 12              
1 36131U 09075A   19210.19190311 -.00000103  00000-0  00000+0 0  9997
2 36131   0.0544 236.9233 0000338   2.2897  33.6183  1.00271711 35168
INTELSAT 16 (IS-16)     
1 36397U 10006A   19209.85631580 -.00000244  00000-0  00000-0 0  9993
2 36397   0.0132  88.0275 0002207  56.2360  34.0283  1.00271537 34642
XM-5                    
1 37185U 10053A   19210.46438417 -.00000206  00000-0  00000+0 0  9991
2 37185   0.0141  19.3512 0000875 313.7505  55.6813  1.00270220 32239
INTELSAT 17 (IS-17)     
1 37238U 10065B   19210.81785715 -.00000004  00000-0  00000+0 0  9994
2 37238   0.0157 141.8377 0002773 354.7221 171.0048  1.00271775 31704
INTELSAT NEW DAWN       
1 37392U 11016A   19209.87803753  .00000156  00000-0  00000-0 0  9997
2 37392   0.0273 134.5176 0001625 307.1265 213.4871  1.00260472 28089
INTELSAT 18 (IS-18)     
1 37834U 11056A   19210.84057101  .00000050  00000-0  00000+0 0  9991
2 37834   0.0185  76.3201 0002041  62.0248 291.4425  1.00271640 28647
INTELSAT 22 (IS-22)     
1 38098U 12011A   19210.74728331 -.00000060  00000-0  00000+0 0  9997
2 38098   0.0104 292.9568 0002753 196.4331 158.8204  1.00271106 26835
INTELSAT 19 (IS-19)     
1 38356U 12030A   19210.55559736 -.00000058  00000-0  00000+0 0  9992
2 38356   0.0132 355.2054 0002497 130.7980 186.9182  1.00270524 26292
INTELSAT 20 (IS-20)     
1 38740U 12043A   19210.81838056 -.00000027  00000-0  00000+0 0  9993
2 38740   0.0155  96.7438 0001757  90.4060 123.1168  1.00271868 25610
INTELSAT 21 (IS-21)     
1 38749U 12045A   19210.79316941 -.00000287  00000-0  00000+0 0  9993
2 38749   0.0271  82.5192 0001798  51.6940  40.4750  1.00268904 25423
INTELSAT 23 (IS-23)     
1 38867U 12057A   19210.79412899 -.00000287  00000-0  00000+0 0  9996
2 38867   0.0121 355.0098 0001738 137.2086  47.8183  1.00273002 24893
SIRIUS FM-6             
1 39360U 13058A   19210.41577222 -.00000018  00000-0  00000+0 0  9990
2 39360   0.0099  34.6991 0000175 232.1492  73.4407  1.00271336 21134
INTELSAT 30 (IS-30)     
1 40271U 14062A   19209.85256465 -.00000150  00000-0  00000-0 0  9996
2 40271   0.0267  70.4144 0001382 349.5059  98.1712  1.00269505 17419
INTELSAT 34 (IS-34)     
1 40874U 15039A   19209.71682559 -.00000284  00000-0  00000-0 0  9990
2 40874   0.0208  60.1928 0000533 289.1251 159.3388  1.00268687 14459
INTELSAT 29E (IS-29E)   
1 41308U 16004A   19209.89598390 -.00000201  00000-0  00000+0 0  9992
2 41308   0.2807  98.2069 0022825 313.2772 296.4827  1.00612487 12935
INTELSAT 31 (IS-31)     
1 41581U 16035A   19209.85256465 -.00000150  00000-0  00000-0 0  9993
2 41581   0.0088 295.7473 0001532 305.8218 276.5073  1.00270818 11427
INTELSAT 36 (IS-36)     
1 41747U 16053A   19209.81339572 -.00000024  00000-0  00000-0 0  9994
2 41747   0.0089  29.4010 0001957 322.9653 315.1205  1.00271344 10741
INTELSAT 33E (IS-33E)   
1 41748U 16053B   19209.81971817  .00000050  00000-0  00000+0 0  9996
2 41748   0.0159  63.8409 0001760  69.4572 167.9732  1.00272523 10994
INTELSAT 32E (IS-32E)   
1 41945U 17007B   19210.43715976 -.00000270  00000-0  00000+0 0  9992
2 41945   0.0247  74.0730 0000426 268.2595  78.6703  1.00267795  9038
INTELSAT 35E (IS-35E)   
1 42818U 17041A   19209.86460321 -.00000237  00000-0  00000-0 0  9990
2 42818   0.0508 236.3907 0001228 238.4127 108.1901  1.00275092  7652
INTELSAT 37E (IS-37E)   
1 42950U 17059A   19209.86791817 -.00000140  00000-0  00000-0 0  9996
2 42950   0.0156  87.0661 0002599  55.4863  98.1333  1.00271969  6837
AZERSPACE 2 (IS-38)     
1 43632U 18074A   19210.45478140  .00000135  00000-0  00000+0 0  9992
2 43632   0.0186  72.1414 0001190  65.5162  17.9934  1.00270995  3290
HORIZONS 3E             
1 43633U 18074B   19209.68986969 -.00000029  00000-0  00000-0 0  9993
2 43633   0.0288 204.9397 0000739  51.7963 106.6711  1.00271749  3133
