IRIDIUM 7 [-]           
1 24793U 97020B   18310.50763804  .00000072  00000-0  18786-4 0  9992
2 24793  86.3933 106.9733 0002053  90.1670 269.9761 14.34268947125917
IRIDIUM 5 [-]           
1 24795U 97020D   18310.58141864  .00000254  00000-0  24769-4 0  9998
2 24795  86.3953  95.6089 0139982  17.2579 343.3329 14.79984652127612
IRIDIUM 4 [-]           
1 24796U 97020E   18310.58492869  .00000088  00000-0  23745-4 0  9991
2 24796  86.3927 105.4478 0002158  92.5729  26.5848 14.35194793126046
IRIDIUM 914 [-]         
1 24836U 97030A   18310.60216320  .00000104  00000-0  27420-4 0  9999
2 24836  86.3905 120.8426 0000949 146.1003 214.0256 14.38846812259805
IRIDIUM 16 [-]          
1 24841U 97030F   18310.56408739  .00000126  00000-0  36059-4 0  9999
2 24841  86.4015 137.5640 0004276  76.8247 283.3427 14.36805500120435
IRIDIUM 911 [-]         
1 24842U 97030G   18310.62523029  .00000123  00000-0  29467-4 0  9999
2 24842  86.4443 138.0234 0013673 198.0540 162.0179 14.45063138126234
IRIDIUM 17 [-]          
1 24870U 97034B   18310.59286220  .00000111  00000-0  31613-4 0  9992
2 24870  86.3982 167.5892 0002597  45.6459 314.4950 14.35847353116987
IRIDIUM 920 [-]         
1 24871U 97034C   18310.60142585  .00000128  00000-0  34430-4 0  9998
2 24871  86.3971 152.5685 0013721 108.1586 252.1108 14.39561610119087
IRIDIUM 921 [-]         
1 24873U 97034E   18310.60159790  .00001173  00000-0  66047-4 0  9996
2 24873  86.3966 185.9917 0005805 318.6475  41.4323 15.12138273164478
IRIDIUM 26 [-]          
1 24903U 97043A   18310.34272645  .00000078  00000-0  20237-4 0  9990
2 24903  86.4003  42.4795 0002340  94.6690 265.4774 14.35334060110719
IRIDIUM 46 [-]          
1 24905U 97043C   18311.19400281  .00087410  50805-6  43576-3 0  9994
2 24905  86.3824  23.0027 0216244  64.9159 297.4373 15.55124508113387
IRIDIUM 22 [-]          
1 24907U 97043E   18310.61122083  .00000100  00000-0  28481-4 0  9999
2 24907  86.4005  44.0463 0002118  96.8121 263.3316 14.34270313110573
DUMMY MASS 1 [-]        
1 24925U 97048A   18310.73503053  .00000076  00000-0  55861-5 0  9992
2 24925  86.3369 169.4247 0008949  58.3578 301.8518 14.85186178146914
DUMMY MASS 2 [-]        
1 24926U 97048B   18311.12234371  .00000080  00000-0  60512-5 0  9995
2 24926  86.3370 170.4444 0009894  63.1831 297.0403 14.84953991146805
IRIDIUM 29 [-]          
1 24944U 97051A   18310.45812232  .00000108  00000-0  31166-4 0  9995
2 24944  86.3965  74.7260 0001902  95.6960 264.4453 14.34678843107166
IRIDIUM 32 [+]          
1 24945U 97051B   18310.43769290  .00000099  00000-0  28217-4 0  9991
2 24945  86.3954  75.0625 0001518  97.2653 262.8715 14.34213478107122
IRIDIUM 33 [-]          
1 24946U 97051C   18310.41244865  .00000060  00000-0  14472-4 0  9992
2 24946  86.3880  74.4589 0009077  42.7885 317.4015 14.33622784106709
IRIDIUM 28 [-]          
1 24948U 97051E   18310.41596054  .00000095  00000-0  25923-4 0  9995
2 24948  86.3971  73.6715 0002424  89.0195 271.1279 14.35632319107358
IRIDIUM 31 [B]          
1 24950U 97051G   18310.41049298  .00000115  00000-0  31088-4 0  9993
2 24950  86.4224  75.2218 0002296 102.2794 257.8661 14.38602313107292
IRIDIUM 35 [B]          
1 24966U 97056B   18310.48329847 -.00000057  00000-0 -25298-4 0  9996
2 24966  86.4192 106.6944 0001818  93.3160 266.8247 14.38601301105322
IRIDIUM 36 [-]          
1 24967U 97056C   18310.54129671  .00000086  00000-0  22936-4 0  9993
2 24967  86.3942 105.2945 0001947  87.8654 272.2766 14.35687660105652
IRIDIUM 39 [-]          
1 25042U 97069D   18310.59478339  .00000129  00000-0  30266-4 0  9998
2 25042  86.3932 162.7628 0020946  67.9149 292.4274 14.46271310 99798
IRIDIUM 38 [-]          
1 25043U 97069E   18310.61796947  .00000134  00000-0  39069-4 0  9996
2 25043  86.3978 166.4411 0003308  80.5813 279.5758 14.36115604 99292
IRIDIUM 42 [-]          
1 25077U 97077A   18310.57822599  .00000078  00000-0  20696-4 0  9993
2 25077  86.3989 169.7867 0002551  84.9152 275.2335 14.34533321 94922
IRIDIUM 44 [-]          
1 25078U 97077B   18310.56914505  .00000140  00000-0  39448-4 0  9997
2 25078  86.3965 158.0901 0003599  67.3703 292.7875 14.38214737 96552
IRIDIUM 45 [+]          
1 25104U 97082A   18310.41868745  .00000112  00000-0  32938-4 0  9997
2 25104  86.3960  75.2046 0002806  93.7421 266.4096 14.34212729 93079
IRIDIUM 24 [-]          
1 25105U 97082B   18310.48194061  .00000134  00000-0  36093-4 0  9998
2 25105  86.3960  21.2090 0013659 111.8814 248.3839 14.39951113 95850
IRIDIUM 54 [+]          
1 25171U 98010C   18310.61245442 -.00000044  00000-0 -20948-4 0  9992
2 25171  86.4201 138.3633 0001779  80.4453 279.6947 14.38610142 84707
IRIDIUM 51 [-]          
1 25262U 98018A   18310.57399445  .00000669  00000-0  46018-4 0  9996
2 25262  86.3973  93.6015 0206247 333.0177  26.0438 14.88226075 85799
IRIDIUM 61 [B]          
1 25263U 98018B   18310.47681991 -.00000040  00000-0 -19566-4 0  9999
2 25263  86.4204 106.9073 0002517 118.3179 241.8274 14.38600739 79718
IRIDIUM 55 [B]          
1 25272U 98019A   18310.41689897  .00000100  00000-0  26022-4 0  9997
2 25272  86.4219  75.0020 0002222 105.1598 254.9846 14.38604675 78952
IRIDIUM 57 [-]          
1 25273U 98019B   18310.41470848  .00000061  00000-0  14840-4 0  9993
2 25273  86.3968  75.3217 0002086  94.9698 265.1736 14.34320288 78771
IRIDIUM 58 [B]          
1 25274U 98019C   18310.42328376  .00000083  00000-0  20480-4 0  9994
2 25274  86.4217  75.5077 0002505  97.5949 262.5534 14.38597327 78951
IRIDIUM 59 [+]          
1 25275U 98019D   18310.39328171  .00000098  00000-0  28013-4 0  9990
2 25275  86.3963  75.3736 0001946  99.1195 261.0221 14.34214066 78766
IRIDIUM 60 [+]          
1 25276U 98019E   18310.39963045  .00000098  00000-0  28001-4 0  9993
2 25276  86.3960  74.9698 0002123  97.6227 262.5210 14.34212626 78767
IRIDIUM 62 [-]          
1 25285U 98021A   18311.14065856  .32236295 -12933-5  30308-3 0  9994
2 25285  86.3739   9.9571 0058337 282.1166  77.5506 16.44616921 78109
IRIDIUM 63 [-]          
1 25286U 98021B   18310.62967207  .00000116  00000-0  34158-4 0  9998
2 25286  86.4023  12.2308 0002067  98.3793  13.0367 14.34748216 77529
IRIDIUM 64 [B]          
1 25287U 98021C   18310.59368049  .00000152  00000-0  43297-4 0  9998
2 25287  86.4247  11.8747 0002236  93.7789 266.3665 14.38616666 77534
IRIDIUM 69 [-]          
1 25319U 98026A   18310.27354605  .00000116  00000-0  31341-4 0  9994
2 25319  86.4033  32.4094 0003815  71.4103 288.7509 14.38763482 75941
IRIDIUM 71 [-]          
1 25320U 98026B   18310.60474620  .00000104  00000-0  27110-4 0  9999
2 25320  86.4016  27.9149 0004177 104.8037 255.3625 14.39171037 76190
IRIDIUM 73 [-]          
1 25344U 98032C   18310.61258791  .00000118  00000-0  25647-4 0  9990
2 25344  86.4429 348.5001 0002483 107.4362 252.7113 14.49142259 80734
IRIDIUM 82 [-]          
1 25467U 98051A   18310.61955246  .00000648  00000-0  45968-4 0  9992
2 25467  86.3995 148.9733 0181770  22.5079 338.3991 14.90100807 62385
IRIDIUM 2 [-]           
1 25527U 98066A   18310.46307834  .00001179  00000-0  56588-4 0  9992
2 25527  85.5282  92.5448 0010131  37.0250 323.1688 15.17670936 94782
IRIDIUM 14 [+]          
1 25777U 99032A   18310.58096844  .00000175  00000-0  50539-4 0  9997
2 25777  86.4279  11.9033 0002589 105.9391 254.2092 14.38618569 27357
IRIDIUM 91 [+]          
1 27372U 02005A   18310.44402737  .00000101  00000-0  28996-4 0  9992
2 27372  86.3966  75.1768 0002078 107.4377 252.7046 14.34213610884338
IRIDIUM 90 [-]          
1 27373U 02005B   18311.16104840  .00242147  16162-4  67943-3 0  9999
2 27373  86.4171 119.5349 0171158 134.9471 226.5833 15.73457707887069
IRIDIUM 95 [+]          
1 27375U 02005D   18310.41233230  .00000088  00000-0  24470-4 0  9999
2 27375  86.3963  75.1924 0001513 111.7764 248.3593 14.34212901883613
IRIDIUM 96 [-]          
1 27376U 02005E   18310.59472013  .00036125 -10090-5  32206-3 0  9995
2 27376  86.3733  85.3550 0255809  33.6052 328.1128 15.36382076292448
IRIDIUM 97 [B]          
1 27450U 02031A   18310.53991835 -.00000045  00000-0 -21230-4 0  9993
2 27450  86.4198 106.9153 0001820  86.5133 273.6273 14.38607990863057
