IRIDIUM 106 [+]         
1 41917U 17003A   17052.55458157 -.00000120  00000-0 -50053-4 0  9990
2 41917  86.3967  70.3575 0001303  90.9242 269.2100 14.34216631  5504
IRIDIUM 103 [+]         
1 41918U 17003B   17052.54268563 -.00007617  00000-0 -24447-2 0  9994
2 41918  86.4307  70.3153 0003196  61.6777 298.4643 14.39719689  5531
IRIDIUM 109 [+]         
1 41919U 17003C   17052.33896608 -.00004357  00000-0 -15641-2 0  9993
2 41919  86.3934  70.4033 0002517  71.4884 288.6603 14.34212315  5489
IRIDIUM 102 [+]         
1 41920U 17003D   17052.52642116  .00000066  00000-0  99756-5 0  9992
2 41920  86.5191  70.3245 0001241 117.0536 243.0800 14.56676626  5539
IRIDIUM 105 [+]         
1 41921U 17003E   17052.40841476  .00000316  00000-0  34386-4 0  9995
2 41921  86.6641  70.3602 0013739 105.8843 254.3965 14.84250481  5589
IRIDIUM 104 [+]         
1 41922U 17003F   17052.20903321  .00000141  00000-0  26745-4 0  9998
2 41922  86.5187  70.4419 0002654  49.1025 311.0427 14.56542408  5493
IRIDIUM 114 [+]         
1 41923U 17003G   17052.41291210  .00000001  00000-0 -45710-5 0  9999
2 41923  86.5198  70.3547 0002432 109.0832 251.0637 14.56494471  5530
IRIDIUM 108 [+]         
1 41924U 17003H   17052.47048874  .00000264  00000-0  28010-4 0  9995
2 41924  86.6596  70.3053 0014588 105.2744 255.0156 14.84461425  5580
IRIDIUM 112 [+]         
1 41925U 17003J   17052.53542023  .00000148  00000-0  28208-4 0  9998
2 41925  86.5253  70.3022 0002910 116.4851 243.6665 14.56952403  5561
IRIDIUM 111 [+]         
1 41926U 17003K   17052.53134132  .00000070  00000-0  10645-4 0  9997
2 41926  86.5236  70.3031 0002425  98.5258 261.6216 14.57156661  5560
