MTI                     
1 26102U 00014A   15289.85342868  .00008355  00000-0  22605-3 0  9994
2 26102  97.5046  68.2267 0009543 313.5197 210.3779 15.37923480860549
CFESAT                  
1 30777U 07006F   15289.22483972  .00006911  00000-0  27244-3 0  9998
2 30777  35.4269 338.5057 0004002 250.3758 109.6533 15.24951755474604
NFIRE                   
1 31140U 07014A   15289.85187003  .00308244  51984-4  50590-3 0  9992
2 31140  48.4065 142.8489 0009281 264.8475 209.5579 16.02496303481026
SPIRALE A               
1 33751U 09008C   15288.91327882  .00000490  00000-0  27424-3 0  9995
2 33751   2.0905  42.8541 5590063 316.7768 330.9663  4.58384062 82917
SPIRALE B               
1 33752U 09008D   15289.70161976  .00002192  00000-0  55056-3 0  9997
2 33752   2.1657 310.7150 7012309 138.4837 303.3268  2.62655125 58592
SAPPHIRE                
1 39088U 13009C   15289.18048224  .00000010  00000-0  19452-4 0  9991
2 39088  98.5974 126.0899 0010470 305.0273  54.9928 14.34064926137938
