COSMOS 2361 [-]         
1 25590U 98076A   15289.41205352  .00000057  00000-0  45470-4 0  9994
2 25590  82.9372 206.6199 0032398 137.1897   0.3239 13.72897219842266
COSMOS 2378 [-]         
1 26818U 01023A   15289.40838000  .00000021  00000-0  57124-5 0  9996
2 26818  82.9265 229.1434 0034729  95.2725 265.2415 13.73886123719801
COSMOS 2389 [-]         
1 27436U 02026A   15289.19613728  .00000046  00000-0  32094-4 0  9996
2 27436  82.9528 172.4809 0045966 334.3032 188.3874 13.74886413671645
COSMOS 2398 [-]         
1 27818U 03023A   15289.13194242  .00000051  00000-0  39792-4 0  9995
2 27818  82.9453 126.2533 0031167 339.3343  20.6563 13.72115629619271
COSMOS 2407 [+]         
1 28380U 04028A   15288.99480860  .00000012  00000-0 -28330-5 0  9998
2 28380  82.9572  79.9910 0039383 351.3498   8.6973 13.76011165564076
COSMOS 2414 [+]         
1 28521U 05002A   15289.66768058  .00000081  00000-0  55658-4 0  9998
2 28521  82.9456 109.5586 0038941 277.1327  82.5412 13.87553821543751
COSMOS 2429 [-]         
1 32052U 07038A   15289.39584741  .00000068  00000-0  55613-4 0  9994
2 32052  82.9837 196.9714 0037637 316.7633 180.5038 13.74858379406250
COSMOS 2454 [-]         
1 35635U 09039A   15289.81187211  .00000032  00000-0  13269-4 0  9997
2 35635  82.9517 100.3368 0017774 243.6532 116.2814 13.89578802316428
COSMOS 2463 [+]         
1 36519U 10017A   15289.22462103 -.00000013  00000-0 -31094-4 0  9995
2 36519  82.9593 232.0929 0037263 138.4259 221.9740 13.71385976273863
