TRANSIT 16              
1 02807U 67048A   13057.20520084  .00000080  00000-0  11022-3 0  8940
2 02807  89.6816 159.6474 0018197 299.6409 146.9684 13.49887772252731
TRANSIT 17              
1 02965U 67092A   13058.88397454  .00000112  00000-0  15055-3 0  1154
2 02965  89.2524  19.3755 0049931 109.7622 331.0476 13.52606253239828
TRANSIT 18              
1 03133U 68012A   13057.89463082  .00000061  00000-0  79127-4 0  3770
2 03133  89.9550 282.1604 0075089  18.3480  63.1632 13.50709836214879
NNSS 19                 
1 04507U 70067A   13058.55351142  .00000081  00000-0  98164-4 0   700
2 04507  89.8262 290.4703 0174383 135.2565 314.9393 13.50341070 92031
NNSS O-20               
1 06909U 73081A   13058.55643765  .00000142  00000-0  13723-3 0  5465
2 06909  89.8616 338.4534 0158950  27.0368  73.4495 13.70024559164063
TRANSAT                 
1 10457U 77106A   13057.50643529  .00000079  00000-0  11114-3 0  5092
2 10457  89.7419 209.4820 0024547 343.5511  46.5960 13.48382669737924
NOVA I                  
1 12458U 81044A   13058.21348579 -.00000000  00000-0 -21035-4 0  8348
2 12458  90.0211 123.2273 0014594  30.7392  27.0836 13.22806130534444
NOVA 3                  
1 15362U 84110A   13057.05448124  .00000057  00000-0  11704-3 0  5674
2 15362  90.0111  50.4505 0030398 243.5740 184.6122 13.22580069369523
OSCAR 30                
1 15935U 85066A   13056.90239571  .00000044  00000-0  66509-4 0  1472
2 15935  90.0953  32.7076 0167303 301.8232 117.3554 13.35401603340824
OSCAR 24                
1 15936U 85066B   13057.50543956  .00000069  00000-0  11359-3 0  7986
2 15936  90.0845  28.3536 0168059 303.7448 206.9682 13.35290419343018
POLAR BEAR              
1 17070U 86088A   13057.54618575  .00000078  00000-0  69399-4 0  9560
2 17070  89.5305  42.7761 0040015 159.5981 350.4835 13.74493497318115
OSCAR 27                
1 18361U 87080A   13058.66729535  .00000024  00000-0  29092-4 0  1132
2 18361  90.3585 280.9954 0103562 274.3991 117.0651 13.44216023248179
OSCAR 29                
1 18362U 87080B   13058.22345844  .00000027  00000-0  33173-4 0  3716
2 18362  90.3592 281.1602 0105163 289.3492 195.4744 13.43829510247837
OSCAR 23                
1 19070U 88033A   13057.85801632  .00000041  00000-0  68114-4 0  5948
2 19070  90.3070 221.5113 0189430 207.0044 306.9452 13.27229544202984
OSCAR 32                
1 19071U 88033B   13057.54409304  .00000034  00000-0  53011-4 0  9479
2 19071  90.3068 221.5852 0188230 198.6231 191.7229 13.27424354203138
NOVA 11                 
1 19223U 88052A   13057.52617231  .00000023  00000-0  34208-4 0  1171
2 19223  89.9816  91.2990 0028689 286.7938 222.8007 13.22509346192116
OSCAR 25                
1 19419U 88074A   13057.00296984  .00000064  00000-0  95954-4 0  3579
2 19419  89.9599  23.1876 0094786 249.2384 139.2343 13.41949279199854
OSCAR 31                
1 19420U 88074B   13056.98431269  .00000043  00000-0  60104-4 0   319
2 19420  89.9601  23.1438 0093025 243.5364 146.6835 13.41983771199958
