CALSPHERE 1             
1 00900U 64063C   18310.50868598  .00000210  00000-0  21639-3 0  9997
2 00900  90.1494  19.1464 0027030  31.6408 104.0767 13.73150240689629
CALSPHERE 2             
1 00902U 64063E   18310.63657177  .00000046  00000-0  55546-4 0  9994
2 00902  90.1584  21.5745 0018807  21.9335  99.6475 13.52666158480488
LCS 1                   
1 01361U 65034C   18310.43207952  .00000010  00000-0  28267-3 0  9993
2 01361  32.1429 297.0748 0012804 135.0649 225.0886  9.89295082934597
TEMPSAT 1               
1 01512U 65065E   18310.37582131  .00000024  00000-0  27922-4 0  9996
2 01512  89.8497 234.0753 0071058 132.8612 349.3846 13.33414897589589
CALSPHERE 4(A)          
1 01520U 65065H   18310.58437024  .00000050  00000-0  78986-4 0  9993
2 01520  90.0567 126.3369 0070688  24.0987  17.3395 13.35773956591581
OPS 5712 (P/L 160)      
1 02826U 67053A   18310.56732702  .00000547  00000-0  16191-3 0  9991
2 02826  69.9267 136.4847 0005083   9.2318 350.8907 14.48513570662140
OPS 5712 (P/L 153)      
1 02874U 67053H   18310.43797047 -.00000011  00000-0  30760-4 0  9999
2 02874  69.9731 310.1298 0009059 222.3494 137.6913 13.96319593618735
SURCAL 150B             
1 02909U 67053J   18311.11343086  .00000770  00000-0  17058-3 0  9999
2 02909  69.9478 185.3890 0001251 180.6207 179.4931 14.60990950671429
RIGIDSPHERE 2 (LCS 4)   
1 05398U 71067E   18310.58020305  .00000187  00000-0  59123-4 0  9992
2 05398  87.6272  26.5815 0065146  55.4900 305.2424 14.33740991475266
