RADUGA 1 [-]            
1 08513U 75123A   17051.03536087 -.00000118  00000-0  00000+0 0  9991
2 08513  10.6995 313.5952 0005817 188.9251  97.6046  1.00296712160807
RADUGA 2 [-]            
1 09416U 76092A   17050.71865532 -.00000185  00000-0  00000-0 0  9999
2 09416  11.3095 315.4660 0029587 297.7256 240.5756  1.00259439 95203
RADUGA 3 [-]            
1 10159U 77071A   17049.74672628 -.00000222  00000-0  00000+0 0  9997
2 10159  11.8565 317.7462 0008620 208.0234 338.0999  1.00352774142905
RADUGA 4 [-]            
1 10987U 78073A   17051.84169456 -.00000252  00000-0  00000+0 0  9996
2 10987  12.3692 320.5761 0012724 295.8431 291.0629  1.00205449 85469
RADUGA 5 [-]            
1 11343U 79035A   17051.80926503 -.00000030  00000-0  00000+0 0  9996
2 11343  12.7376 322.8265 0000058 101.9001  85.5448  1.00254030 95196
RADUGA 6 [-]            
1 11708U 80016A   17050.86714608 -.00000059  00000-0  00000-0 0  9990
2 11708  12.9859 325.2935 0003843 247.6068 321.4292  1.00200585 88025
RADUGA 7 [-]            
1 12003U 80081A   17051.53877435  .00000082  00000-0  00000+0 0  9998
2 12003  13.0939 326.9047 0012388 239.7595 326.1716  1.00301779 89287
RADUGA 8 [-]            
1 12351U 81027A   17049.93116726  .00000113  00000-0  00000-0 0  9991
2 12351  13.3919 327.7187 0084563 173.8182   3.6342  1.00376559 88360
RADUGA 9 [-]            
1 12618U 81069A   17050.81401649  .00000111  00000-0  00000-0 0  9991
2 12618  13.4930 329.8751 0002040 312.8310 207.2062  1.00215123 13209
RADUGA 10 [-]           
1 12897U 81102A   17051.80951660 -.00000116  00000-0  00000+0 0  9996
2 12897  13.5371 330.6006 0002806 186.4466   2.3316  1.00248715 83271
RADUGA 11 [-]           
1 13669U 82113A   17050.12096662 -.00000176  00000-0  00000+0 0  9999
2 13669  14.9649 341.5499 0041643 205.9188 346.4840  0.97709575 88257
RADUGA 12 [-]           
1 13974U 83028A   17052.05135737 -.00000187  00000-0  00000+0 0  9997
2 13974  14.1828 338.9260 0003665 296.8620 337.3998  1.00285263135259
RADUGA 13 [-]           
1 14307U 83088A   17051.25799465 -.00000102  00000-0  00000+0 0  9996
2 14307  15.0886 343.2512 0017444 336.7002 217.8975  0.98173525 85525
RADUGA 14 [-]           
1 14725U 84016A   17050.86714608 -.00000048  00000-0  00000+0 0  9993
2 14725  14.1767 342.0051 0001133 284.8672 264.5668  1.00249297 83942
RADUGA 15 [-]           
1 15057U 84063A   17050.53311373 -.00000351  00000-0  00000-0 0  9998
2 15057  14.2350 342.9727 0001303 201.8048 286.5966  1.00271389106964
RADUGA 16 [-]           
1 15946U 85070A   17050.18512199 -.00000249  00000-0  00000+0 0  9999
2 15946  14.3979 347.1438 0004157 254.8688 301.8073  1.00253761 88078
RADUGA 17 [-]           
1 16250U 85107A   17050.99027111  .00000112  00000-0  00000+0 0  9991
2 16250  14.4336 348.3128 0010006 154.9961  31.2719  1.00154259117704
RADUGA 18 [-]           
1 16497U 86007A   17052.13615148 -.00000223  00000-0  00000+0 0  9999
2 16497  15.0944 350.5615 0069835 114.0243  86.9408  0.98814582112287
RADUGA 19 [-]           
1 17046U 86082A   17052.14133726 -.00000220  00000-0  00000+0 0  9998
2 17046  15.2472 354.0236 0006841 109.7692  77.7247  0.98461944109444
RADUGA 20 [-]           
1 17611U 87028A   17051.80417300 -.00000091  00000-0  00000+0 0  9998
2 17611  17.0318 357.5450 0022300  87.6291  92.3445  0.95961784105638
RADUGA 21 [-]           
1 18631U 87100A   17050.38019226 -.00000084  00000-0  00000+0 0  9991
2 18631  15.1912 355.9296 0002897 248.7208 289.7774  1.00361620106938
RADUGA 22 [-]           
1 19596U 88095A   17050.99089478  .00000106  00000-0  00000+0 0  9993
2 19596  14.8566 359.5298 0001615 145.9767  26.5307  1.00214621 87561
RADUGA 23 [-]           
1 19928U 89030A   17050.98811326  .00000120  00000-0  00000+0 0  9992
2 19928  14.8605   1.1949 0016515 119.0204  55.9805  1.00249635100704
RADUGA-1 1 [-]          
1 20083U 89048A   17051.53581049  .00000015  00000-0  00000+0 0  9996
2 20083  15.4035   3.7580 0015437  59.9814 156.7486  0.98706741 97669
RADUGA 24 [-]           
1 20367U 89098A   17050.90365792 -.00000284  00000-0  00000-0 0  9991
2 20367  15.2396   3.7747 0004704 239.0620 325.8951  1.00324989 98838
RADUGA 25 [-]           
1 20499U 90016A   17050.38500156 -.00000039  00000-0  00000-0 0  9994
2 20499  14.9667   4.1806 0003352 248.7955 275.4741  1.00376902 98769
RADUGA 26 [-]           
1 21016U 90112A   17050.96636363 -.00000253  00000-0  00000+0 0  9998
2 21016  15.0046   7.2873 0003205 331.1639 251.0281  1.00240141 96109
RADUGA-1 2 [-]          
1 21038U 90116A   17051.85200698 -.00000324  00000-0  00000+0 0  9992
2 21038  15.0368   7.3932 0002758   9.9319 180.9506  1.00281383 95780
RADUGA 27 [-]           
1 21132U 91014A   17051.80331542  .00000110  00000-0  00000+0 0  9995
2 21132  15.5577   7.6239 0003031 279.9703 176.6387  1.00312526 95172
RADUGA 28 [-]           
1 21821U 91087A   17049.82265839 -.00000378  00000-0  00000+0 0  9991
2 21821  15.0323  10.7148 0000842  74.9089 115.2890  1.00299688 92204
RADUGA 29 [-]           
1 22557U 93013A   17051.59539962 -.00000355  00000-0  00000+0 0  9992
2 22557  14.8745  14.8034 0001103 307.0666 171.3933  1.00314386 87564
RADUGA 30 [-]           
1 22836U 93062A   17049.91254450 -.00000063  00000-0  00000-0 0  9992
2 22836  14.7511  16.6138 0006921 245.3390 285.2126  1.00278255 11852
RADUGA-1 3 [-]          
1 22981U 94008A   17052.02617727  .00000079  00000-0  00000+0 0  9995
2 22981  14.7276  17.7960 0003096 250.5542 302.9739  1.00294352 84384
RADUGA 31 [-]           
1 23010U 94012A   17050.86270733 -.00000149  00000-0  00000+0 0  9995
2 23010  14.6943  17.7670 0001782 279.5496 243.8301  1.00206336 84209
RADUGA 32 [-]           
1 23448U 94087A   17049.91239404 -.00000068  00000-0  00000-0 0  9997
2 23448  14.4488  20.3141 0009180 206.6931 320.6768  1.00275911 98733
RADUGA-1 4 [-]          
1 25642U 99010A   17051.01228654 -.00000032  00000-0  00000+0 0  9995
2 25642  13.9832  32.5902 0006564 213.1604 337.3061  1.00190693 65830
RADUGA-1 5 [-]          
1 26477U 00049A   17050.87478907 -.00000337  00000-0  00000+0 0  9995
2 26477  11.6447  34.6854 0002925 263.5344 270.2179  1.00248517 60356
RADUGA-1 6 [-]          
1 26936U 01045A   17050.67762458 -.00000194  00000-0  00000-0 0  9999
2 26936  11.2873  39.9856 0015431 134.5982  18.0405  0.97745980 55328
RADUGA-1 7 [-]          
1 28194U 04010A   17050.84099264 -.00000363  00000-0  00000-0 0  9997
2 28194   9.5367  47.2793 0004591 195.4177 321.5251  1.00199165 47272
RADUGA-1M 1 [-]         
1 32373U 07058A   17051.54901076 -.00000045  00000-0  00000+0 0  9993
2 32373   2.8505  74.0362 0004346 225.3621 239.3706  0.99400128 34482
RADUGA-1 8 [-]          
1 34264U 09010A   17050.81281208 -.00000090  00000-0  00000+0 0  9991
2 34264   5.5144  69.4293 0010285 291.6849  82.1373  0.99830417 29183
RADUGA-1M 2 [+]         
1 36358U 10002A   17051.74994126 -.00000192  00000-0  00000+0 0  9996
2 36358   0.0383 252.1830 0003333 109.8611 143.7649  1.00272247 25882
RADUGA-1M 3 [+]         
1 39375U 13062A   17051.80932602 -.00000048  00000-0  00000+0 0  9995
2 39375   0.0230 177.3180 0002507 161.2705 173.6799  1.00273176 12009
