SCD 1                   
1 22490U 93009B   14299.86499954  .00000644  00000-0  13054-3 0  5252
2 22490  24.9694 121.3559 0042951 236.9746 273.7743 14.44173055146038
TRMM                    
1 25063U 97074A   14300.48554602  .00048140  00000-0  54679-3 0  7860
2 25063  34.9553 342.9997 0002919 170.7177 334.8135 15.61213380965334
TECHSAT 1B (GO-32)      
1 25397U 98043D   14299.95401755  .00000191  00000-0  10244-3 0  4845
2 25397  98.4871 253.1358 0000143 330.9925  71.1083 14.23474764846618
SCD 2                   
1 25504U 98060A   14299.50496946  .00000623  00000-0  12784-3 0  8251
2 25504  24.9964 320.7842 0017091 281.8608 234.2828 14.43735865845360
LANDSAT 7               
1 25682U 99020A   14300.27719674  .00000672  00000-0  15917-3 0  7432
2 25682  98.2245   8.1691 0000986  67.0053 293.1228 14.57108271826227
DLR-TUBSAT              
1 25757U 99029B   14300.34427521  .00000195  00000-0  60595-4 0    31
2 25757  98.4732 192.8331 0014375  11.0446 105.9796 14.51188771816661
QUIKSCAT                
1 25789U 99034A   14300.18215112  .00000160  00000-0  83402-4 0   253
2 25789  98.6122 127.6602 0000654  59.1975  55.5364 14.27125118799685
IKONOS 2                
1 25919U 99051A   14300.49801672  .00001033  00000-0  20407-3 0    12
2 25919  98.1013  13.1239 0002016  89.3149 270.8292 14.64443527806679
TERRA                   
1 25994U 99068A   14300.49689333  .00000784  00000-0  18392-3 0  7650
2 25994  98.2003  13.3250 0001289  94.1478 265.9880 14.57133590790338
EO-1                    
1 26619U 00075A   14300.47806771  .00001008  00000-0  20262-3 0   911
2 26619  97.9659 352.9072 0008589 275.2688 192.2493 14.63632827742518
SAC-C                   
1 26620U 00075B   14300.12728510  .00001243  00000-0  28042-3 0  3579
2 26620  98.0009 260.3803 0001306  93.9942 325.6239 14.57931430740763
EROS A1                 
1 26631U 00079A   14300.49517512  .00032875  00000-0  13159-2 0  8777
2 26631  97.5698  20.6940 0008093 123.4737 292.4178 15.24967393770895
QUICKBIRD 2             
1 26953U 01047A   14300.53179703  .00133490  00000-0  90638-3 0  2228
2 26953  97.1005   8.0931 0002238 194.3410 282.9717 15.74554742732324
TES                     
1 26957U 01049A   14300.43936808  .00007606  00000-0  51893-3 0  1914
2 26957  97.6971  24.1576 0045119  73.9253 286.6934 15.05659657713080
BADR-B                  
1 27003U 01056C   14300.11600149  .00000023  00000-0  74404-4 0  7574
2 27003  99.2129  98.5958 0019625 326.9836  99.2581 13.70185195644075
MAROC-TUBSAT            
1 27004U 01056D   14300.07355985  .00000012  00000-0  61319-4 0  3930
2 27004  99.2175  97.8127 0019203 329.0155 142.0411 13.70091334644022
SPOT 5                  
1 27421U 02021A   14300.54032638  .00000151  00000-0  90539-4 0   695
2 27421  98.5461 359.3680 0001321 100.3141  34.4399 14.20117681647103
AQUA                    
1 27424U 02022A   14300.19475125  .00001651  00000-0  37655-3 0  1700
2 27424  98.2136 239.3710 0001620  98.5890  15.5858 14.57096317663890
IRS-P6 (RESOURCESAT-1)  
1 28051U 03046A   14300.47788279  .00000110  00000-0  70253-4 0  6405
2 28051  98.7124  17.0856 0002787 225.6017 134.4981 14.21625524572357
TANSUO 1 (TS 1)         
1 28220U 04012A   14299.97038775  .00006207  00000-0  56759-3 0  9644
2 28220  97.5657 261.5501 0012376 139.0797 261.8137 14.95283306572081
FORMOSAT-2 (ROCSAT 2)   
1 28254U 04018A   14300.50753505 -.00000030  00000-0  96066-5 0  6861
2 28254  99.0286   3.7749 0000614 137.5149 336.7402 14.00772862533685
AURA                    
1 28376U 04026A   14299.76641900  .00001632  00000-0  37210-3 0  3785
2 28376  98.2094 241.1075 0002002  97.3686 262.7751 14.57134336546881
PARASOL                 
1 28498U 04049G   14300.45424898  .00001542  00000-0  28042-3 0  1072
2 28498  98.5144 295.9927 0017180  85.1544 275.1620 14.67569145524924
IRS-P5 (CARTOSAT-1)     
1 28649U 05017A   14300.46924615  .00002244  00000-0  27917-3 0  7413
2 28649  97.8228  11.8642 0000214  28.7314 331.3917 14.83495091513102
TOPSAT                  
1 28891U 05043B   14300.44812489  .00000686  00000-0  14931-3 0   103
2 28891  97.8204 130.3494 0015836 318.6534  41.3468 14.60754401479612
SINAH 1                 
1 28893U 05043D   14300.12316017  .00000637  00000-0  13897-3 0  1338
2 28893  97.8218 133.0777 0014353 317.8828 187.9308 14.60881360479663
EROS B                  
1 29079U 06014A   14300.44830316  .00022314  00000-0  10814-2 0  5663
2 29079  97.4542  56.5278 0015850 161.0053 267.0486 15.18430424471735
RESURS-DK 1             
1 29228U 06021A   14300.49440260  .00001633  00000-0  13547-3 0  3696
2 29228  69.9389  28.2566 0004700 341.1192 107.4358 15.00913803463427
ARIRANG-2 (KOMPSAT-2)   
1 29268U 06031A   14300.49919600  .00001328  00000-0  27666-3 0  1304
2 29268  98.1747 197.9504 0019152 141.3739 218.8849 14.61501903440183
LAPAN-TUBSAT            
1 29709U 07001A   14300.42512587  .00000752  00000-0  10221-3 0  6436
2 29709  97.6217 301.5167 0012971  16.3145 343.8484 14.81458757421241
CARTOSAT-2 (IRS-P7)     
1 29710U 07001B   14300.50827843  .00001304  00000-0  18474-3 0  6398
2 29710  97.9256 358.3877 0002073  46.1513 313.9873 14.78721130420781
HAIYANG-1B              
1 31113U 07010A   14300.41532015  .00000346  00000-0  15246-3 0  3590
2 31113  98.7088 347.4034 0015514  62.1059 298.1690 14.29613571393734
COSMO-SKYMED 1          
1 31598U 07023A   14300.46294109 -.00000428  00000-0 -47192-4 0  2076
2 31598  97.8778 122.9022 0001514  81.6713 278.4793 14.82148676399692
TERRASAR-X              
1 31698U 07026A   14300.44842053  .00004795  00000-0  23137-3 0   917
2 31698  97.4463 305.8759 0001679  96.7858 263.3567 15.19154732408568
WORLDVIEW-1 (WV-1)      
1 32060U 07041A   14300.47881944  .00011582  00000-0  47356-3 0  9508
2 32060  97.8738  18.9161 0001740 127.6383  60.2402 15.24528007395435
YAOGAN 3                
1 32289U 07055A   14300.50927849  .00001394  00000-0  18213-3 0  7176
2 32289  97.9478 291.4810 0001121  87.2568 272.8757 14.82072746376124
COSMO-SKYMED 2          
1 32376U 07059A   14300.49669833  .00001229  00000-0  16086-3 0  6522
2 32376  97.8769 122.9339 0001525  74.6356 285.5036 14.82166084372441
RADARSAT-2              
1 32382U 07061A   14300.48067668  .00000214  00000-0  10000-3 0  5026
2 32382  98.5761 306.1041 0001285  82.2875  71.6216 14.29984921358568
CARTOSAT-2A             
1 32783U 08021A   14300.48562714  .00001783  00000-0  24979-3 0  2300
2 32783  97.9219 358.3062 0012437 188.6227 171.4760 14.78697187350721
IMS-1                   
1 32786U 08021D   14300.47546946  .00004090  00000-0  51433-3 0  6955
2 32786  97.6879 339.9945 0013699 134.9632 332.2794 14.82535281351134
JASON 2 (OSTM)          
1 33105U 08032A   14300.17519169 -.00000016  00000-0  19753-3 0   775
2 33105  66.0420 324.0565 0008119 269.4815 151.2001 12.80929011297125
RAPIDEYE 2              
1 33312U 08040A   14299.37425198  .00000931  00000-0  13029-3 0  8695
2 33312  97.8850  25.3689 0010638 235.1468 124.8866 14.79859585332678
RAPIDEYE 5              
1 33313U 08040B   14300.48111054  .00001326  00000-0  18162-3 0  8292
2 33313  97.8765  25.0162 0019435 112.7727 247.5549 14.79987884332786
RAPIDEYE 1              
1 33314U 08040C   14300.46908205  .00001132  00000-0  15634-3 0  8873
2 33314  97.8831  26.3038 0022169 250.2694 109.4134 14.79906988332823
RAPIDEYE 3              
1 33315U 08040D   14300.43945050  .00001380  00000-0  18964-3 0  8537
2 33315  97.8757  24.7559 0012720 179.5417 180.5801 14.79866390332787
RAPIDEYE 4              
1 33316U 08040E   14299.41121667  .00000216  00000-0  35409-4 0  8185
2 33316  97.8732  23.4478 0013954 135.0435 225.6473 14.79859404332621
HUANJING 1A (HJ-1A)     
1 33320U 08041A   14300.44181480  .00001857  00000-0  27912-3 0  7872
2 33320  98.0630 358.4229 0025485 246.1229 113.7313 14.75512738330583
HUANJING 1B (HJ-1B)     
1 33321U 08041B   14300.41116698  .00001969  00000-0  29440-3 0  8333
2 33321  98.0660 359.0546 0034283 263.1090  96.6230 14.75496903330567
GEOEYE 1                
1 33331U 08042A   14300.48106631  .00001014  00000-0  20132-3 0  7472
2 33331  98.1272  13.7493 0010644  57.4558 302.7672 14.64234342328070
THEOS                   
1 33396U 08049A   14300.47731743  .00000130  00000-0  81521-4 0  5743
2 33396  98.6938   6.1865 0001327  91.4615  16.1896 14.20057183314701
COSMO-SKYMED 3          
1 33412U 08054A   14300.48402059  .00001388  00000-0  18090-3 0  6392
2 33412  97.8770 122.9211 0001715  82.0299 278.1126 14.82162257324908
YAOGAN 4                
1 33446U 08061A   14300.42809525  .00001209  00000-0  18432-3 0  5177
2 33446  97.6738 336.1541 0017246 188.5213 171.5707 14.75503852317844
GOSAT (IBUKI)           
1 33492U 09002A   14300.47463353 -.00000167  00000-0 -20952-4 0   534
2 33492  98.0601  47.8898 0001664  80.5377 279.6016 14.67550227308481
YAOGAN 6                
1 34839U 09021A   14300.47785880  .00007404  00000-0  33359-3 0  1515
2 34839  97.2734  11.6506 0033725 125.1272  63.1409 15.20815041305806
RAZAKSAT                
1 35578U 09037A   14300.42661131  .00001453  00000-0  15931-3 0  6069
2 35578   8.9880 313.8632 0017266 162.0396 198.0405 14.66226136283735
DEIMOS-1                
1 35681U 09041A   14300.48973964  .00001078  00000-0  18569-3 0  8318
2 35681  97.9516 193.5266 0001369 105.2815 254.8539 14.70487840281421
DUBAISAT-1              
1 35682U 09041B   14300.46501392  .00001322  00000-0  24005-3 0  8155
2 35682  97.9278 182.0467 0011596 352.9944 131.2307 14.67763129280782
OCEANSAT 2              
1 35931U 09051A   14300.17849277  .00001150  00000-0  30282-3 0  2133
2 35931  98.2751  32.8948 0000736 284.3782 132.9773 14.50844565269673
WORLDVIEW-2 (WV-2)      
1 35946U 09055A   14300.48258680  .00000298  00000-0  11313-3 0  6229
2 35946  98.4098  16.0659 0001619  83.9327 276.2042 14.37776854265034
SMOS                    
1 36036U 09059A   14300.10286218  .00000554  00000-0  19053-3 0  4964
2 36036  98.4433 125.5239 0001127 102.8618 257.2696 14.39792273261895
YAOGAN 7                
1 36110U 09069A   14300.45940874  .00001295  00000-0  20059-3 0  4265
2 36110  98.0810  76.5262 0024012 319.3732  40.5700 14.74774244262802
TANDEM-X                
1 36605U 10030A   14300.44853661  .00004900  00000-0  23633-3 0  6326
2 36605  97.4462 305.9178 0001777  98.6991 261.4444 15.19154744241307
CARTOSAT 2B             
1 36795U 10035A   14300.45309782  .00001283  00000-0  18191-3 0  8081
2 36795  97.9276 357.4080 0013580 268.5518  91.4154 14.78678929231765
YAOGAN 10               
1 36834U 10038A   14300.49000848  .00001236  00000-0  16245-3 0  6874
2 36834  97.8793 294.6866 0001119  89.5572  71.9280 14.81972038227863
COSMO-SKYMED 4          
1 37216U 10060A   14300.44606414  .00000904  00000-0  12001-3 0  4202
2 37216  97.8776 122.8807 0001640  69.9434 290.1965 14.82163640214980
SAC-D                   
1 37673U 11024A   14300.03994223  .00001045  00000-0  17298-3 0   805
2 37673  98.0131 305.3729 0001481 116.1408 307.8374 14.72329729181631
HAIYANG 2A              
1 37781U 11043A   14300.42315127 -.00000071  00000-0 -26015-4 0  4272
2 37781  99.3519 309.4509 0002038  74.4440 285.6943 13.79300064161143
RASAT                   
1 37791U 11044D   14300.48853331  .00000750  00000-0  15159-3 0  5891
2 37791  98.1753  25.6483 0020915 270.7804 217.4496 14.64099124170725
MEGHA-TROPIQUES         
1 37838U 11058A   14300.09884933  .00000563  00000-0  16850-3 0  7788
2 37838  19.9764 203.5338 0009877 291.4231  68.5120 14.09670807156909
SRMSAT                  
1 37841U 11058D   14299.14415088  .00000495  00000-0  12809-3 0  7252
2 37841  19.9708 203.1757 0011812 282.2805 222.1654 14.10389905156873
YAOGAN 13               
1 37941U 11072A   14300.44641722  .00012909  00000-0  59838-3 0  3590
2 37941  97.3916 225.6016 0002987 117.3267  17.4039 15.20200411161453
PLEIADES 1A             
1 38012U 11076F   14300.49105755  .00000684  00000-0  15695-3 0  2094
2 38012  98.1848  13.5735 0001548  81.2371 278.9010 14.58580834152380
ZIYUAN 1-02C (ZY 1-02C) 
1 38038U 11079A   14300.44552060  .00000442  00000-0  16898-3 0  2240
2 38038  98.4551  13.4764 0001580  91.9224 268.2153 14.35404978149244
ZIYUAN 3 (ZY 3)         
1 38046U 12001A   14300.47758876  .00011402  00000-0  51166-3 0  2123
2 38046  97.3915  14.7687 0003789  50.6440  65.8564 15.21342781155432
RISAT 1                 
1 38248U 12017A   14300.44686880  .00008139  00000-0  51955-3 0  8255
2 38248  97.5636 305.7328 0004450 125.9067  12.2305 15.08926788137901
ARIRANG-3 (KOMPSAT-3)   
1 38338U 12025B   14300.43575993  .00000952  00000-0  20048-3 0  3489
2 38338  98.1016 237.2376 0013327  94.6574 265.6144 14.61655682130414
SPOT 6                  
1 38755U 12047A   14300.43867474  .00000664  00000-0  15252-3 0  4431
2 38755  98.1836   5.9949 0001135  87.1312 273.0033 14.58571677113456
GOKTURK 2               
1 39030U 12073A   14300.48024707  .00000726  00000-0  14486-3 0   888
2 39030  98.0887 194.4960 0014260 300.7911  59.1890 14.64841210 99218
LANDSAT 8               
1 39084U 13008A   14300.24430697  .00000794  00000-0  18619-3 0  6310
2 39084  98.2077   8.6532 0000733  77.9585 282.1695 14.57124134 90685
SARAL                   
1 39086U 13009A   14300.10857492 -.00001849  00000-0 -66981-3 0  6931
2 39086  98.5422 126.3390 0001102  62.0066 298.1085 14.32247349 87115
GAOFEN 1                
1 39150U 13018A   14300.43681962  .00001270  00000-0  18954-3 0  6625
2 39150  98.0207  18.9022 0016946 282.5940  77.3375 14.76473076 81033
VNREDSAT 1              
1 39160U 13021B   14300.49095117  .00001291  00000-0  26144-3 0  6866
2 39160  98.0866  14.9357 0001799  93.0790 267.0617 14.62917759 78703
ARIRANG-5 (KOMPSAT-5)   
1 39227U 13042A   14300.48834853  .00002628  00000-0  19380-3 0  3923
2 39227  97.5957 124.9147 0005384 333.1658 101.6221 15.04142537 64795
SKYSAT-1                
1 39418U 13066C   14300.40990638  .00003457  00000-0  30983-3 0   501
2 39418  97.7784  16.2661 0021576 273.5027  86.3726 14.96289433 50813
DUBAISAT-2              
1 39419U 13066D   14300.46898084  .00003060  00000-0  30624-3 0   579
2 39419  97.7769  14.2253 0013092 229.9825 130.0246 14.92094672 50704
GPM-CORE                
1 39574U 14009C   14300.21190756  .00027496  00000-0  38702-3 0  2850
2 39574  65.0200 318.6045 0011038 266.9902  92.9988 15.56507914 37566
SENTINEL-1A             
1 39634U 14016A   14300.41857317 -.00000066  00000-0 -43274-5 0  6267
2 39634  98.1796 305.8312 0001485  81.6292 278.5084 14.59198093 30146
KAZEOSAT 1              
1 39731U 14024A   14300.46900748  .00000354  00000-0  12155-3 0  5760
2 39731  98.5104  11.7618 0001250  88.6470 271.4868 14.41972588 26000
ALOS-2                  
1 39766U 14029A   14300.48225128 -.00000279  00000-0 -30463-4 0  4958
2 39766  97.9205  35.6799 0001671  87.8086 272.3343 14.79467997 23110
KAZEOSAT 2              
1 40010U 14033A   14300.43225669  .00001141  00000-0  15079-3 0  4347
2 40010  97.9708 194.6096 0018684 168.0732 192.0926 14.81853721 19195
HODOYOSHI-4             
1 40011U 14033B   14300.43784474  .00002095  00000-0  28523-3 0  4091
2 40011  97.9690 194.1005 0027904 154.5608 205.6978 14.79550096 19169
DEIMOS-2                
1 40013U 14033D   14300.42292545 -.00019318  00000-0 -23703-2 0  4277
2 40013  97.9535 195.2723 0000244 158.4049 201.7765 14.83138925 19235
HODOYOSHI-3             
1 40015U 14033F   14300.31655142  .00002020  00000-0  29009-3 0  4055
2 40015  97.9685 193.4535 0038240 150.0788 210.2623 14.77075819 19120
SPOT 7                  
1 40053U 14034A   14300.47327495 -.00000046  00000-0  00000+0 0  4167
2 40053  98.1896   6.1765 0001332  84.1963 275.9392 14.58536508 17392
SKYSAT-2                
1 40072U 14037D   14300.47967116  .00001438  00000-0  19774-3 0  3550
2 40072  98.3875 357.0824 0005167 265.0801  94.9829 14.79989245 16371
WORLDVIEW-3 (WV-3)      
1 40115U 14048A   14300.47022853  .00001554  00000-0  18824-3 0  2531
2 40115  97.9792  10.6001 0001903  97.5913 262.5526 14.85094782 11087
YAOGAN 21               
1 40143U 14053A   14300.47857789  .00013316  00000-0  53214-3 0  1868
2 40143  97.4113  13.5324 0011312  71.8268 343.8537 15.25187176  7527
YAOGAN 22               
1 40275U 14063A   14300.47339170 -.00000044  00000-0  00000+0 0   230
2 40275 100.3245  58.1199 0006828 110.6336 249.5503 13.15281491   948
