AOR-E (EGNOS/PRN 120)   
1 24307U 96053A   17052.31551806 -.00000133  00000-0  00000+0 0  9990
2 24307   2.3923  78.3111 0007712 244.5111 286.6735  1.00272308 74903
ARTEMIS (EGNOS/PRN 124) 
1 26863U 01029A   17052.79461187 -.00000371  00000-0  00000+0 0  9996
2 26863  12.6079  34.2630 0002321 331.2969 195.4037  1.00273329 58280
CRE (WAAS/PRN 138)      
1 28868U 05036A   17052.52610725 -.00000083  00000-0  00000+0 0  9990
2 28868   0.0194  95.7292 0002624 270.1917 227.8071  1.00269771 42032
CRW (WAAS/PRN 135)      
1 28884U 05041A   17052.52548979  .00000070  00000-0  00000+0 0  9990
2 28884   0.0689 281.2379 0002076  61.8223 224.7076  1.00272963 41502
IOR-W (EGNOS/PRN 126)   
1 28899U 05044A   17052.43111005  .00000004  00000-0  00000+0 0  9992
2 28899   2.5506  10.2425 0002930 336.3307  24.0329  1.00272048 41389
MTSAT-2 (MSAS/PRN 137)  
1 28937U 06004A   17052.23192293 -.00000251  00000-0  00000+0 0  9993
2 28937   0.0243 245.9807 0003862  92.4963  41.3440  1.00273366 40230
AMR (WAAS/PRN 133)      
1 33278U 08039A   17052.44465149 -.00000145  00000-0  00000+0 0  9995
2 33278   3.0204   0.2968 0002727 332.0711 241.2481  1.00270381 31147
QZS-1 (QZSS/PRN 183)    
1 37158U 10045A   17052.62201050 -.00000206  00000-0  00000+0 0  9993
2 37158  40.7951 161.0087 0751918 270.1004  81.2285  1.00255646 23594
GSAT-8 (GAGAN/PRN 127)  
1 37605U 11022A   17052.12742294  .00000076  00000-0  00000+0 0  9995
2 37605   0.0358 298.2431 0006789 349.0492 324.8652  1.00271380 21116
LUCH 5A (SDCM/PRN 140)  
1 37951U 11074B   17052.42686912 -.00000055  00000-0  00000+0 0  9991
2 37951   1.5648 192.2365 0004577 128.7838 151.1502  1.00273819 19061
SES-5 (EGNOS/PRN 136)   
1 38652U 12036A   17052.06841272  .00000025  00000-0  00000+0 0  9997
2 38652   0.0449 274.3646 0001813  59.8944 206.4963  1.00271768 16949
GSAT-10 (GAGAN/PRN 128) 
1 38779U 12051B   17051.35152798 -.00000174  00000-0  00000-0 0  9990
2 38779   0.0622 271.6233 0001009  91.7897 356.5633  1.00274303 15996
LUCH 5B (SDCM/PRN 125)  
1 38977U 12061A   17052.31551806 -.00000140  00000-0  00000+0 0  9993
2 38977   3.3114  75.3883 0004006 249.3152 283.9883  1.00270733 16054
ASTRA 5B (EGNOS/PRN 123)
1 39617U 14011B   17052.80386381  .00000146  00000-0  00000+0 0  9995
2 39617   0.0442 333.3791 0003009  10.6331 128.7463  1.00274112 10755
LUCH 5V (SDCM/PRN 141)  
1 39727U 14023A   17051.60973050 -.00000275  00000-0  00000-0 0  9997
2 39727   2.9315 299.1939 0004022  36.8137 128.8653  1.00268513528394
GSAT-15 (GAGAN/PRN 139) 
1 41028U 15065A   17051.32229418 -.00000267  00000-0  00000-0 0  9993
2 41028   0.0537 275.6607 0001555  36.6278  47.6739  1.00272628  4731
