AKEBONO (EXOS-D)        
1 19822U 89016A   19210.12858975  .00012869 -10172-6  22993-3 0  9996
2 19822  75.0276 102.2118 1782362  89.9714 290.4472 11.97028791   602
HST                     
1 20580U 90037B   19209.70364604  .00000319  00000-0  84174-5 0  9997
2 20580  28.4698 307.3593 0002583 191.6937 320.8404 15.09248316406941
POLAR                   
1 23802U 96013A   19208.14992981  .00000234  00000-0  00000+0 0  9995
2 23802  78.6948 254.5663 6661168 294.1561  12.1725  1.29845792112157
SWAS                    
1 25560U 98071A   19209.89398425  .00000038  00000-0  12153-4 0  9999
2 25560  69.8993 120.1743 0005243 117.4136 242.7554 14.93756388120555
ORSTED                  
1 25635U 99008B   19209.82525127  .00000025  00000-0  14114-4 0  9992
2 25635  96.4847 304.8454 0137290 306.5989  52.2642 14.48157365 77909
CXO                     
1 25867U 99040B   19211.53428232  .00000587  00000-0  00000-0 0  9993
2 25867  67.1950 274.7726 7268312 233.1119   0.1843  0.37801838  7845
XMM-NEWTON              
1 25989U 99066A   19211.46748684  .00000019  00000-0  00000+0 0  9993
2 25989  71.0125 330.9167 7564189  94.8161   0.3789  0.50130442 24764
TERRA                   
1 25994U 99068A   19210.39362336  .00000047  00000-0  20504-4 0  9995
2 25994  98.2022 284.3220 0000984  79.1916 280.9404 14.57113873 43126
CLUSTER II-FM7 (SAMBA)  
1 26410U 00041A   19210.90168854 -.00000001  00000-0  00000-0 0  9994
2 26410 131.3364 339.2076 4145350 174.1529 359.1912  0.44227411  9157
CLUSTER II-FM6 (SALSA)  
1 26411U 00041B   19210.85403729  .00000000  00000-0  00000+0 0  9999
2 26411 130.8436 340.3318 5217678 181.3345 359.1159  0.44249675 20392
CLUSTER II-FM5 (RUMBA)  
1 26463U 00045A   19211.17934829 -.00000043  00000-0  00000+0 0  9994
2 26463 134.4500 339.5872 4871709 180.4842 359.1147  0.44241150 21497
CLUSTER II-FM8 (TANGO)  
1 26464U 00045B   19209.85687589  .00000043  00000-0  00000-0 0  9995
2 26464 131.3294 339.1906 4146277 174.1082 193.0859  0.44218362  9174
ODIN                    
1 26702U 01007A   19210.63284243 -.00000117  00000-0 -35204-5 0  9990
2 26702  97.5719 227.7494 0009415 300.8933  59.1369 15.07873054  8020
TIMED                   
1 26998U 01055B   19209.49644353  .00000046  00000-0  90919-5 0  9997
2 26998  74.0706 220.0584 0001453 311.2306  48.8750 14.88121774956207
RHESSI                  
1 27370U 02004A   19209.80711807  .00000957  00000-0  35144-4 0  9990
2 27370  38.0338  12.7301 0012436 209.9151 150.0910 15.31660433964516
INTEGRAL                
1 27540U 02048A   19210.05568798  .00001078  00000-0  00000+0 0  9998
2 27540  50.0720 140.5123 8814236 280.1016   3.6259  0.37599816 17179
CORIOLIS                
1 27640U 03001A   19209.92533595  .00000007  00000-0  24525-4 0  9994
2 27640  98.7312 219.2326 0013017 248.2893 171.3701 14.19013743857412
SORCE                   
1 27651U 03004A   19210.50188612 -.00000011  00000-0  12950-4 0  9996
2 27651  39.9968 336.4661 0024255 265.5885  94.2133 14.89015670895929
MOST                    
1 27843U 03031D   19210.00096067 -.00000010  00000-0  15932-4 0  9998
2 27843  98.7105 217.0250 0009166 314.2414  45.8009 14.20593282833538
SCISAT 1                
1 27858U 03036A   19209.88201339  .00000028  00000-0  89075-5 0  9991
2 27858  73.9335 105.5030 0007351  19.5221 340.6234 14.77253497859724
SWIFT                   
1 28485U 04047A   19210.17746617  .00000630  00000-0  12451-4 0  9990
2 28485  20.5563 134.6051 0010960 275.1417  84.7766 15.04408483804594
FORMOSAT-3 FM6          
1 29047U 06011A   19210.78940792  .00000023  00000-0  25508-4 0  9998
2 29047  71.9785  50.5736 0051666 260.3828  99.1469 14.28689061695115
FORMOSAT-3 FM1          
1 29048U 06011B   19210.72974726  .00000045  00000-0  34125-4 0  9996
2 29048  71.9679 321.9852 0044711 219.1492 140.6408 14.28642506697574
FORMOSAT-3 FM5          
1 29049U 06011C   19210.18895038 -.00000010  00000-0  12255-4 0  9998
2 29049  72.0209 132.8983 0036661 249.1997 110.5211 14.28728684693282
FORMOSAT-3 FM3          
1 29050U 06011D   19210.69689026  .00000071  00000-0  25391-4 0  9995
2 29050  72.0169 311.0199 0050284 195.2346 164.7295 14.58816622709212
FORMOSAT-3 FM4          
1 29051U 06011E   19209.91572351  .00000030  00000-0  27587-4 0  9995
2 29051  72.0055  36.1223 0067164 126.7578 233.9751 14.28756333695838
FORMOSAT-3 FM2          
1 29052U 06011F   19209.86811170  .00000029  00000-0  27698-4 0  9996
2 29052  72.0349 109.4590 0041014 210.9337 148.9384 14.28854312693337
CLOUDSAT                
1 29107U 06016A   19210.45576639  .00000077  00000-0  24580-4 0  9997
2 29107  98.1894 154.6121 0001356  13.9605 346.1633 14.62326771705130
CALIPSO                 
1 29108U 06016B   19210.18176043  .00000053  00000-0  19746-4 0  9995
2 29108  98.1889 154.1614 0001572  82.0169 278.1211 14.62323413704943
HINODE (SOLAR-B)        
1 29479U 06041A   19209.93747682  .00000059  00000-0  20090-4 0  9998
2 29479  98.1662 219.0763 0015990 313.4858  46.5015 14.65005344686372
SJ-6C                   
1 29505U 06046A   19210.79964548  .00000750  00000-0  74418-4 0  9992
2 29505  97.8256 220.4944 0003865  77.4206 282.7429 14.94730214695260
SJ-6D                   
1 29506U 06046B   19210.86726139  .00000266  00000-0  30723-4 0  9996
2 29506  97.8464 220.4991 0003619 105.3146 254.8453 14.93459677694878
AGILE                   
1 31135U 07013A   19209.58470680  .00001694  00000-0  17668-4 0  9995
2 31135   2.4664 212.3761 0012101 145.1415 214.9432 15.31673603682135
AIM                     
1 31304U 07015A   19210.32274378  .00000310  00000-0  21494-4 0  9991
2 31304  97.9518  75.1572 0006072  38.9755 321.1911 15.13154699671669
FGRST (GLAST)           
1 33053U 08029A   19210.24370703  .00000359  00000-0  36701-5 0  9991
2 33053  25.5820 148.0580 0012195 213.8246 146.1512 15.11237147614236
WISE                    
1 36119U 09071A   19210.18518266  .00000394  00000-0  16283-4 0  9997
2 36119  97.3692 245.0105 0004341  95.1538 265.0198 15.29663618534244
SDO                     
1 36395U 10005A   19210.38224751 -.00000090  00000-0  00000+0 0  9996
2 36395  29.7949 126.8497 0001979  28.8784 186.6894  1.00270032 34811
CRYOSAT 2               
1 36508U 10013A   19210.19145952  .00000010  00000-0  16646-5 0  9995
2 36508  92.0206  29.1435 0005458 220.4266 139.6537 14.52181386493190
X-SAT                   
1 37389U 11015C   19210.05077243 -.00000025  00000-0  73744-5 0  9997
2 37389  98.4826 272.3669 0014588 154.0715 206.1196 14.24374874430100
GCOM-W1 (SHIZUKU)       
1 38337U 12025A   19209.87492167 -.00000004  00000-0  92106-5 0  9997
2 38337  98.2050 149.4968 0000652 147.2954 279.8707 14.57120583382746
NUSTAR                  
1 38358U 12031A   19209.44029035  .00000825  00000-0  12432-4 0  9993
2 38358   6.0269 109.6747 0012341 246.7475 113.1355 14.88170377387511
RBSP A                  
1 38752U 12046A   19208.83524304  .00005643  00000-0  48989-3 0  9996
2 38752   9.6195 187.3455 6953339 126.0275 319.6564  2.73048184 67634
RBSP B                  
1 38753U 12046B   19209.01241273  .00013436  00000-0  89771-3 0  9992
2 38753   9.6979 202.0635 6969781  98.1446 339.5274  2.71389336 67091
NEOSSAT                 
1 39089U 13009D   19209.65119409 -.00000012  00000-0  11013-4 0  9992
2 39089  98.4931  52.5512 0011430 166.5192 193.6300 14.34468648335993
IRIS                    
1 39197U 13033A   19209.79874891  .00000058  00000-0  15014-4 0  9991
2 39197  97.9502  30.6583 0027280 196.8404 163.1904 14.78645392328128
HISAKI (SPRINT-A)       
1 39253U 13049A   19210.81772062  .00000139  00000-0  99311-4 0  9995
2 39253  29.7212  38.7285 0137024 159.6315 200.9788 13.55213228291117
CASSIOPE                
1 39265U 13055A   19209.90104832  .00002650  00000-0  74453-4 0  9997
2 39265  80.9693 293.2446 0668348 170.3283 191.1559 14.27685498301460
STSAT-3                 
1 39422U 13066G   19210.57211380  .00000365  00000-0  43438-4 0  9996
2 39422  97.5541 253.5769 0022537 187.2502 172.8381 14.89747745308911
SWARM B                 
1 39451U 13067A   19209.92302854  .00000198  00000-0  71709-5 0  9990
2 39451  87.7518  17.0435 0003181  65.8443 294.3134 15.21580681300616
SWARM A                 
1 39452U 13067B   19209.86167944  .00000565  00000-0  11396-4 0  9996
2 39452  87.3456 248.7962 0002717 100.9108 259.2454 15.43943469319138
SWARM C                 
1 39453U 13067C   19209.86158052  .00000569  00000-0  11476-4 0  9990
2 39453  87.3458 250.2326 0002706 101.0729 259.0832 15.43943271319096
BRITE-TORONTO           
1 40020U 14033L   19210.54596838 -.00000013  00000-0  61307-5 0  9995
2 40020  97.7448  52.1103 0088166  27.1255 333.4516 14.66579857273296
OCO 2                   
1 40059U 14035A   19209.92778090 -.00000008  00000-0  82738-5 0  9996
2 40059  98.2042 150.2726 0001244  87.4643 272.6698 14.57114111269767
BRITE-PL 2              
1 40119U 14049B   19210.83942747  .00000055  00000-0  12999-4 0  9994
2 40119  97.9051 301.1184 0018919  87.2035 273.1344 14.84412992267776
RESURS P2               
1 40360U 14087A   19210.50695588  .00000255  00000-0  10326-4 0  9990
2 40360  97.2575 300.4396 0007725 266.1605 217.9132 15.33152231256679
MMS 1                   
1 40482U 15011A   19207.62638889 -.00001849  00000-0  00000-0 0  9998
2 40482  15.5982 118.8732 8999580  14.4698 328.6637  0.28566511 10280
MMS 2                   
1 40483U 15011B   19199.28700103 -.00001921  00000-0  00000+0 0  9990
2 40483  15.0348 118.5632 9015325  14.5663 191.4786  0.28513045 10238
MMS 3                   
1 40484U 15011C   19193.90211348 -.00002262  00000-0  10000-3 0  9996
2 40484  14.4968 118.3316 9015114  14.6870 358.1466  0.28396727 10226
MMS 4                   
1 40485U 15011D   19205.67013889 -.00001708  00000-0  00000+0 0  9994
2 40485  15.4854 118.8246 8997627  14.4615 127.5502  0.28576689 10250
ASTROSAT                
1 40930U 15052A   19210.49472955  .00000690  00000-0  78338-5 0  9996
2 40930   5.9964 131.3045 0008450   2.7611 357.2563 14.76260542207267
DAMPE                   
1 41173U 15078A   19210.57487966  .00000063  00000-0  54801-5 0  9994
2 41173  97.3057 207.4818 0012739 319.1930 155.4691 15.23801918201076
PISAT                   
1 41784U 16059B   19210.76070332  .00000060  00000-0  20798-4 0  9992
2 41784  98.0663 270.1673 0030640 251.9573 107.8290 14.63441202151561
HXMT (HUIYAN)           
1 42758U 17034A   19210.17288194  .00000078  00000-0  18665-4 0  9999
2 42758  43.0191  14.6842 0009632 151.7760 195.6503 15.08622419116889
FLYING LAPTOP           
1 42831U 17042G   19209.93132434  .00000057  00000-0  11205-4 0  9997
2 42831  97.5603 101.2050 0012642 289.1677  70.8173 14.91015781110931
PICSAT                  
1 43132U 18004X   19210.48845304  .00000757  00000-0  34588-4 0  9996
2 43132  97.4863 278.2236 0011399 108.9949 251.2523 15.23630732 85718
ZHANGZHENG-1 (CSES)     
1 43194U 18015C   19210.56747885  .00000462  00000-0  23923-4 0  9994
2 43194  97.3977 335.5898 0016140 162.0466 259.2423 15.20975338 82430
