LEMUR-1                 
1 40044U 14033AL  19210.41841770  .00000065  00000-0  17202-4 0  9995
2 40044  97.7521  76.0127 0058397 328.5189  31.2530 14.74109414274570
LEMUR-2-JOEL            
1 40932U 15052C   19209.94536250  .00000767  00000-0  16288-4 0  9995
2 40932   6.0083 115.0285 0013229  36.1920 323.9102 14.77850289207355
LEMUR-2-CHRIS           
1 40933U 15052D   19209.46333642  .00000769  00000-0  16397-4 0  9996
2 40933   6.0065 116.0055 0013950  35.4875 324.6180 14.77998389207307
LEMUR-2-PETER           
1 40935U 15052F   19209.70839186  .00000759  00000-0  16440-4 0  9997
2 40935   6.0040 128.4687 0010315   2.4513 357.5665 14.77137141207196
LEMUR-2-XIAOQING        
1 41871U 16062C   19209.86009593  .00001689  00000-0  78701-4 0  9998
2 41871  51.6413  10.3880 0006582 138.8888 221.2588 15.25697052148641
LEMUR-2-SOKOLSKY        
1 41872U 16062D   19210.83099024  .00000282  00000-0  24320-4 0  9992
2 41872  51.6887   9.3930 0002206 261.4377  98.6352 15.25504843148770
LEMUR-2-ANUBHAVTHAKUR   
1 41873U 16062E   19209.87124844  .00000258  00000-0  24740-4 0  9993
2 41873  51.7096  21.6098 0005731  92.0512 268.1123 15.23293262148476
LEMUR-2-WINGO           
1 41874U 16062F   19210.82227403 -.00000159  00000-0  74541-5 0  9992
2 41874  51.6575   9.3722 0013049  64.9077 295.3255 15.25189015148739
LEMUR-2-JOBANPUTRA      
1 41991U 17008AV  19209.73210625  .00000634  00000-0  28875-4 0  9994
2 41991  97.4003 275.0370 0007982  21.4302 338.7268 15.24273672135310
LEMUR-2-SPIRE-MINIONS   
1 41992U 17008AW  19209.92581939  .00000918  00000-0  39347-4 0  9996
2 41992  97.4019 276.0751 0007691  19.2080 340.9447 15.25276629135395
LEMUR-2-SATCHMO         
1 41993U 17008AX  19209.76999767  .00000604  00000-0  27461-4 0  9997
2 41993  97.4002 275.2807 0007886  20.5215 339.6338 15.24467624135336
LEMUR-2-SMITA-SHARAD    
1 41994U 17008AY  19210.14861402  .00000884  00000-0  38031-4 0  9991
2 41994  97.4016 276.2033 0007663  17.4987 342.6513 15.25229837135420
LEMUR-2-RDEATON         
1 41995U 17008AZ  19210.72357704  .00000661  00000-0  29731-4 0  9991
2 41995  97.4003 276.3133 0009184  28.2740 331.8994 15.24532635136163
LEMUR-2-TACHIKOMA       
1 41996U 17008BA  19209.76095427  .00000900  00000-0  38784-4 0  9999
2 41996  97.4035 275.9224 0009072  30.9416 329.2355 15.25127279135268
LEMUR-2-NOGUECORREIG    
1 41997U 17008BB  19210.85785716  .00000936  00000-0  39949-4 0  9992
2 41997  97.4029 277.1931 0008923  26.8960 333.2739 15.25337103135533
LEMUR-2-MIA-GRACE       
1 41998U 17008BC  19210.70517242  .00000626  00000-0  28399-4 0  9997
2 41998  97.4002 276.1724 0009116  29.1280 331.0464 15.24425517135391
LEMUR-2-ANGELA          
1 42752U 17019B   19210.69598370  .00001019  00000-0  46265-4 0  9996
2 42752  51.6414 292.2311 0009645 224.4128 135.6080 15.30472436119492
LEMUR-2-JENNYBARNA      
1 42753U 17019C   19210.65255918  .00000673  00000-0  33708-4 0  9994
2 42753  51.6411 289.0193 0009232 226.8837 133.1372 15.31573338119487
LEMUR-2-ROBMOORE        
1 42754U 17019D   19210.80633043  .00000098  00000-0  15558-4 0  9995
2 42754  51.6413 292.1967 0009539 227.3299 132.6878 15.30369933119480
LEMUR-2-SPIROVISION     
1 42755U 17019E   19210.63274622  .00001386  00000-0  56596-4 0  9999
2 42755  51.6440 289.2677 0009751 227.5982 283.9058 15.31637529119393
LEMUR-2-SHAINAJOHL      
1 42771U 17036G   19210.14304083  .00000811  00000-0  38240-4 0  9995
2 42771  97.3495 266.4609 0016315  80.2069 280.1009 15.22163724116386
LEMUR-2-XUENITERENCE    
1 42772U 17036H   19209.70492849  .00000844  00000-0  39508-4 0  9998
2 42772  97.3476 266.0639 0015880  80.8363 279.4669 15.22337826116327
LEMUR-2-LUCYBRYCE       
1 42773U 17036J   19209.84602574  .00000592  00000-0  28522-4 0  9996
2 42773  97.3514 266.6185 0015782  79.6276 280.6739 15.22436929116363
LEMUR-2-KUNGFOO         
1 42774U 17036K   19210.14152946  .00000794  00000-0  37341-4 0  9998
2 42774  97.3495 266.6173 0015706  79.3818 280.9187 15.22314513116380
LEMUR-2-LYNSEY-SYMO     
1 42779U 17036Q   19209.80375622  .00001270  00000-0  55874-4 0  9993
2 42779  97.3514 267.4599 0013722  86.7510 273.5297 15.23611882116396
LEMUR-2-LISASAURUS      
1 42780U 17036R   19210.14792401  .00000597  00000-0  28370-4 0  9994
2 42780  97.3502 267.3832 0013874  86.2926 273.9897 15.22916436116435
LEMUR-2-SAM-AMELIA      
1 42781U 17036S   19210.16087031  .00000629  00000-0  29512-4 0  9998
2 42781  97.3516 267.7216 0013873  86.0677 274.2146 15.23170996116447
LEMUR-2-MCPEAKE         
1 42782U 17036T   19209.78567417  .00000812  00000-0  37242-4 0  9999
2 42782  97.3511 267.3206 0013516  86.9193 273.3590 15.23181152116386
LEMUR-2-GREENBERG       
1 42837U 17042N   19210.75819144  .00000097  00000-0  14876-4 0  9996
2 42837  97.5620 102.7607 0011523 282.5117  77.4813 14.91889138111113
LEMUR-2-ANDIS           
1 42838U 17042P   19210.74660102  .00000028  00000-0  81061-5 0  9999
2 42838  97.5618 102.7743 0011632 281.6232  78.3682 14.91903788111113
LEMUR-2-MONSON          
1 42839U 17042Q   19210.16754603  .00000189  00000-0  24112-4 0  9997
2 42839  97.5625 102.1677 0011383 284.1283  75.8671 14.91742213111023
LEMUR-2-FURIAUS         
1 42840U 17042R   19210.17320333  .00000211  00000-0  26127-4 0  9993
2 42840  97.5620 102.3024 0011529 283.8686  76.1250 14.91896494111021
LEMUR-2-PETERG          
1 42841U 17042S   19210.15208059  .00000027  00000-0  79737-5 0  9993
2 42841  97.5630 102.5019 0011020 281.7747  78.2236 14.92123330111042
LEMUR-2-DEMBITZ         
1 42842U 17042T   19210.14275910 -.00000006  00000-0  47082-5 0  9999
2 42842  97.5624 102.4965 0011172 282.4371  77.5598 14.92135784111043
LEMUR-2-ZACHARY         
1 42845U 17042W   19209.76826402  .00000259  00000-0  30598-4 0  9998
2 42845  97.5569 101.8885 0011464 287.4330  72.5636 14.92375782110997
LEMUR-2-ARTFISCHER      
1 42881U 17042BJ  19210.16070763  .00002031  00000-0  54653-4 0  9993
2 42881  96.9349  90.3550 0013641  72.3374 287.9361 15.38866054114141
LEMUR-2-ROCKETJONAH     
1 43041U 17071E   19210.51745570  .00002814  00000-0  70099-4 0  9999
2 43041  51.6368 207.0760 0000391 163.0665 197.0334 15.43853225 94755
LEMUR-2-YONGLIN         
1 43045U 17071J   19209.89271421  .00003105  00000-0  74531-4 0  9990
2 43045  51.6378 208.1990 0003642 300.8687  59.1941 15.44627529 92414
LEMUR-2-KEVIN           
1 43046U 17071K   19209.85694053  .00002527  00000-0  64797-4 0  9997
2 43046  51.6381 210.9653 0003435 297.4014  62.6623 15.43424247 92373
LEMUR-2-BRIANDAVIE      
1 43047U 17071L   19209.87202497  .00002940  00000-0  73704-4 0  9994
2 43047  51.6367 211.7375 0002741 343.1444  16.9450 15.43494056 92356
LEMUR-2-ROMACOSTE       
1 43048U 17071M   19210.48046020  .00002817  00000-0  69701-4 0  9997
2 43048  51.6375 207.6055 0002670 345.9520  14.1392 15.44066380 92464
LEMUR-2-MCCULLAGH       
1 43051U 17071Q   19210.84584409  .00002113  00000-0  54716-4 0  9998
2 43051  51.6379 205.5414 0001129 101.3891 258.7222 15.43964968 92478
LEMUR-2-DUNLOP          
1 43053U 17071S   19210.84867609  .00002338  00000-0  61075-4 0  9991
2 43053  51.6364 207.7445 0001277  97.0925 263.0206 15.43197479 92459
LEMUR-2-LIU-POU-CHUN    
1 43054U 17071T   19209.89156134  .00002486  00000-0  63328-4 0  9996
2 43054  51.6372 210.4026 0000169 160.8955 199.2038 15.43683897 92330
LEMUR-2-MCCAFFERTY      
1 43123U 18004N   19209.71569633  .00001069  00000-0  46677-4 0  9997
2 43123  97.4873 277.7644 0011393 109.0881 251.1591 15.24294275 85619
LEMUR-2-PETERWEBSTER    
1 43124U 18004P   19210.74230646  .00001225  00000-0  53247-4 0  9997
2 43124  97.4875 278.6936 0011527 105.6493 254.6017 15.24176381 85760
LEMUR-2-BROWNCOW        
1 43125U 18004Q   19210.48441123  .00001360  00000-0  58290-4 0  9996
2 43125  97.4876 278.5704 0011346 107.0884 253.1597 15.24459897 85733
LEMUR-2-DAVEWILSON      
1 43126U 18004R   19210.44080959  .00001252  00000-0  54077-4 0  9998
2 43126  97.4877 278.4865 0011378 107.6181 252.6300 15.24332729 85722
LEMUR-2-MARSHALL        
1 43165U 18010C   19209.83361221  .00001150  00000-0  51349-4 0  9999
2 43165  82.9191 340.4412 0033183  98.8567 261.6429 15.19726993 84059
LEMUR-2-TALLHAMN-ATC    
1 43167U 18010E   19209.85342369  .00000978  00000-0  46348-4 0  9995
2 43167  82.9223 342.1392 0026397 108.4837 251.9270 15.17705785 83958
LEMUR-2-JIN-LUEN        
1 43182U 18014C   19210.73293012 -.00000087  00000-0 -25903-5 0  9993
2 43182  97.7002 117.7488 0012983 228.5987 131.4119 14.96282155 81243
LEMUR-2-URAMCHANSOL     
1 43183U 18014D   19209.84919114 -.00000212  00000-0 -13624-4 0  9998
2 43183  97.7011 116.9096 0012539 231.9313 128.0778 14.96336838 81115
LEMUR-2-KADI            
1 43184U 18014E   19209.70703023  .00000218  00000-0  24316-4 0  9998
2 43184  97.7012 116.7920 0012395 233.0600 126.9486 14.96358851 81092
LEMUR-2-THENICKMOLO     
1 43185U 18014F   19209.70280793  .00000522  00000-0  51223-4 0  9998
2 43185  97.7015 116.8011 0012123 233.2972 126.7136 14.96346500 81099
LEMUR-2-VU              
1 43558U 18046E   19209.30072271  .00000514  00000-0  30155-4 0  9995
2 43558  51.6415 225.5683 0007573 212.5223 147.5292 15.29473336 57622
LEMUR-2-ALEXANDER       
1 43559U 18046F   19209.87858287  .00000172  00000-0  18343-4 0  9992
2 43559  51.6415 222.6800 0007555 214.9218 145.1268 15.29568963 57495
LEMUR-2-YUASA           
1 43560U 18046G   19210.21965725  .00000306  00000-0  23030-4 0  9998
2 43560  51.6415 221.1959 0007897 230.3557 129.6727 15.29440584 57768
LEMUR-2-TOMHENDERSON    
1 43561U 18046H   19209.49855982  .00000326  00000-0  23728-4 0  9996
2 43561  51.6415 224.6338 0007824 227.8280 132.2036 15.29402482 57210
LEMUR-2-ZUPANSKI        
1 43695U 18088F   19209.90204960  .00001087  00000-0  47881-4 0  9991
2 43695  85.0330 291.7045 0019492  62.1086 298.2126 15.20355960 39451
LEMUR-2-CHANUSIAK       
1 43697U 18088H   19209.77193970  .00000991  00000-0  42597-4 0  9998
2 43697  85.0391 291.8031 0017713  46.9058 313.3662 15.21098616 39467
LEMUR-2-ORZULAK         
1 43731U 18096N   19209.89899817  .00001203  00000-0  47344-4 0  9994
2 43731  97.4589 280.0903 0020721 189.1133 170.9732 15.27463699 36888
LEMUR-2-KOBYSZCZE       
1 43732U 18096P   19210.73210851  .00001424  00000-0  55173-4 0  9999
2 43732  97.4592 280.9722 0020869 186.6320 173.4646 15.27660920 37018
LEMUR-2-DULY            
1 43745U 18096AC  19209.88965520  .00001364  00000-0  53053-4 0  9995
2 43745  97.4589 280.1005 0020631 189.2957 170.7903 15.27609155 36890
LEMUR-2-VLADIMIR        
1 43746U 18096AD  19210.72568286  .00001526  00000-0  58822-4 0  9998
2 43746  97.4588 280.9678 0020766 186.7119 173.3845 15.27734288 37043
LEMUR-2-CHRISTINAHOLT   
1 43882U 18111G   19209.71899216 -.00000185  00000-0 -11153-4 0  9992
2 43882  97.7177 117.3599 0010073 250.2007 109.8129 14.96563838 31936
LEMUR-2-TINYKEV         
1 43883U 18111H   19210.17938673  .00000023  00000-0  71078-5 0  9998
2 43883  97.7181 117.8389 0010121 247.8784 112.1364 14.96627870 30004
LEMUR-2-REMY-COLTON     
1 43884U 18111J   19209.91060475  .00000275  00000-0  29190-4 0  9991
2 43884  97.7186 117.5859 0009719 248.8163 111.2020 14.96630844 31962
LEMUR-2-GUSTAVO         
1 43885U 18111K   19209.70248479  .00000614  00000-0  58883-4 0  9999
2 43885  97.7185 117.4030 0009796 247.1887 112.8301 14.96657079 29934
LEMUR-2-ZO              
1 43886U 18111L   19209.69093346  .00000788  00000-0  73992-4 0  9999
2 43886  97.7185 117.4303 0009847 245.6923 114.3270 14.96736977 31939
LEMUR-2-NATALIEMURRAY   
1 43887U 18111M   19209.80903362  .00000230  00000-0  25108-4 0  9999
2 43887  97.7179 117.5824 0010294 245.0910 114.9242 14.96850619 31957
LEMUR-2-SARAHBETTYBOO   
1 43888U 18111N   19210.33505801 -.00000002  00000-0  49393-5 0  9997
2 43888  97.7186 118.1414 0010307 242.6984 117.3189 14.96909704 32034
LEMUR-2-DAISY-HARPER    
1 43889U 18111P   19210.32648490 -.00000271  00000-0 -18496-4 0  9997
2 43889  97.7191 118.1508 0010117 243.2391 116.7796 14.96983155 32021
LEMUR-2-JOHANLORAN      
1 44084U 19018G   19210.17277672  .00001226  00000-0  57079-4 0  9994
2 44084  97.4541 269.6674 0012535 219.9953 140.0361 15.21772143 18069
LEMUR-2-BEAUDACIOUS     
1 44085U 19018H   19209.84170445  .00001160  00000-0  54127-4 0  9995
2 44085  97.4542 269.3459 0012474 222.0925 137.9354 15.21792481 18025
LEMUR-2-ELHAM           
1 44086U 19018J   19210.16644825  .00001313  00000-0  60741-4 0  9990
2 44086  97.4546 269.6825 0012638 221.2907 138.7374 15.21875932 18061
LEMUR-2-VICTOR-ANDREW   
1 44087U 19018K   19209.83393850  .00001297  00000-0  59993-4 0  9990
2 44087  97.4546 269.3608 0012457 223.5728 136.4525 15.21908991 18024
LEMUR-2-LILLYJO         
1 44396U 19038L   19210.19419062  .00000797  00000-0  50087-4 0  9999
2 44396  97.4889 171.6806 0025400 159.9443 200.2791 15.11816847  3576
LEMUR-2-WANLI           
1 44402U 19038S   19210.45985729  .00000688  00000-0  43831-4 0  9992
2 44402  97.4895 171.9410 0025555 159.2565 200.9709 15.11754676  3627
LEMUR-2-MORAG           
1 44403U 19038T   19210.19504294  .00000695  00000-0  44295-4 0  9991
2 44403  97.4926 171.6806 0024228 163.2766 196.9269 15.11760778  3583
LEMUR-2-YNDRD           
1 44404U 19038U   19209.86297379  .00000416  00000-0  27969-4 0  9997
2 44404  97.4914 171.3592 0022887 166.0973 194.0893 15.11823881  3532
LEMUR-2-DUSTINTHEWIND   
1 44405U 19038V   19209.86265751  .00000564  00000-0  36521-4 0  9995
2 44405  97.4882 171.3550 0025373 160.9062 199.3125 15.11849328  3536
LEMUR-2-ALEX-MADDY      
1 44407U 19038X   19209.86369632  .00000386  00000-0  26294-4 0  9998
2 44407  97.4920 171.3544 0024153 164.8638 195.3320 15.11778286  3527
LEMUR-2-EJATTA          
1 44409U 19038Z   19210.85432144  .00000869  00000-0  54159-4 0  9997
2 44409  97.4878 172.3277 0025356 157.2026 203.0336 15.11926764  3685
LEMUR-2-GREGROBINSON    
1 44411U 19038AB  19210.13000554  .00000618  00000-0  39889-4 0  9992
2 44411  97.4933 171.6163 0024285 164.1445 196.0551 15.11682958  3244
