ISS (ZARYA)             
1 25544U 98067A   17052.90609954  .00002766  00000-0  48552-4 0  9996
2 25544  51.6424 252.9776 0006678 216.0963 353.3450 15.54409014 43829
TIANGONG 1              
1 37820U 11053A   17052.74870420  .00027457  00000-0  19586-3 0  9994
2 37820  42.7606 183.9917 0018508 338.2172 177.9978 15.72998701309754
SPINSAT                 
1 40314U 98067FL  17052.74098648  .00242712  40569-4  23055-3 0  9997
2 40314  51.6237 146.0068 0005984 345.3543  14.7297 16.11341915179803
AGGIESAT 4              
1 41313U 98067HP  17052.00563718  .00021914  00000-0  19608-3 0  9991
2 41313  51.6366 236.8501 0003339  67.3894 292.7455 15.68281486 60662
BEVO 2                  
1 41314U 98067HQ  17051.85455668  .00063383  00000-0  33822-3 0  9998
2 41314  51.6253 224.9927 0001355  70.8866 289.2282 15.79779056 60602
MINXSS                  
1 41474U 98067HU  17051.87936326  .00049877  00000-0  28470-3 0  9997
2 41474  51.6435 236.0513 0001216 308.5070  51.5822 15.78384816 43909
STMSAT-1                
1 41476U 98067HW  17052.84733033  .00103233  00000-0  51125-3 0  9997
2 41476  51.6339 229.6437 0002495 283.5158  76.5566 15.81213967 43988
NODES 2                 
1 41477U 98067HX  17051.89590777  .00038376  00000-0  31745-3 0  9999
2 41477  51.6341 242.0931 0001132 332.5698  27.5240 15.69877059 43733
NODES 1                 
1 41478U 98067HY  17052.86713016  .00036368  00000-0  30289-3 0  9992
2 41478  51.6337 237.3272 0001156 335.6921  24.4021 15.69738685 43883
FLOCK 2E'-1             
1 41479U 98067HZ  17052.90683817  .00019633  00000-0  20830-3 0  9990
2 41479  51.6403 241.8297 0002384 163.7100 337.5623 15.64090978 43784
FLOCK 2E'-3             
1 41480U 98067JA  17052.73026620  .00017965  00000-0  18971-3 0  9995
2 41480  51.6390 242.3387 0001841 202.3174 217.6934 15.64280540 43762
FLOCK 2E'-2             
1 41481U 98067JB  17052.66496459  .00020033  00000-0  20601-3 0  9992
2 41481  51.6379 241.9099 0002816 165.1571 240.0816 15.64870510 43744
FLOCK 2E'-4             
1 41482U 98067JC  17052.53856472  .00020572  00000-0  20530-3 0  9993
2 41482  51.6374 242.5861 0001314 223.5556 169.4736 15.65609241 43723
FLOCK 2E-1              
1 41483U 98067JD  17052.91092095  .00015946  00000-0  17176-3 0  9990
2 41483  51.6397 241.8937 0001299 258.0546 243.3975 15.63876070 43630
FLOCK 2E-2              
1 41484U 98067JE  17052.71961714  .00019088  00000-0  19680-3 0  9995
2 41484  51.6420 242.2964 0000341 258.0739 161.3296 15.64840889 43617
LEMUR-2-THERESACONDOR   
1 41485U 98067JF  17052.65414468  .00242822  00000-0  86355-3 0  9995
2 41485  51.6333 228.1898 0002806 257.4146 153.6523 15.87728864 43758
FLOCK 2E-3              
1 41486U 98067JG  17052.72566064  .00016050  00000-0  17774-3 0  9995
2 41486  51.6415 243.8213 0000866  34.5616  24.3800 15.63157110 43627
FLOCK 2E-4              
1 41487U 98067JH  17052.91682193  .00017564  00000-0  18763-3 0  9999
2 41487  51.6403 241.9028 0001589  15.7446 127.5544 15.64005060 43665
LEMUR-2-NICK-ALLAIN     
1 41488U 98067JJ  17052.89908499  .00153497  00000-0  63296-3 0  9994
2 41488  51.6382 228.1628 0002834 236.7409 272.5525 15.84934817 43778
LEMUR-2-KANE            
1 41489U 98067JK  17052.86431536  .00153082  00000-0  63290-3 0  9999
2 41489  51.6367 227.9509 0002842 247.5475 253.6039 15.84881254 43023
LEMUR-2-JEFF            
1 41490U 98067JL  17052.90437227  .00215883  28231-4  68879-3 0  9995
2 41490  51.6356 225.1308 0003586 265.5414 246.1790 15.90679934 43814
FLOCK 2E-6              
1 41563U 98067JM  17051.92485863  .00014630  00000-0  16313-3 0  9999
2 41563  51.6393 248.0323 0002675 156.6827 344.3684 15.63065420 41554
FLOCK 2E-5              
1 41564U 98067JN  17052.54701726  .00014178  00000-0  15907-3 0  9993
2 41564  51.6382 244.9109 0002475 161.7231 234.2872 15.62937444 41643
FLOCK 2E-7              
1 41565U 98067JP  17052.66432963  .00021540  00000-0  22190-3 0  9994
2 41565  51.6394 242.6625 0003236  59.3456 345.3537 15.64771900 41582
FLOCK 2E-8              
1 41566U 98067JQ  17052.88192620  .00044872  00000-0  31479-3 0  9995
2 41566  51.6364 235.5897 0000645   1.8934 150.1192 15.73721264 41684
FLOCK 2E'-5             
1 41567U 98067JR  17052.54818612  .00013624  00000-0  15688-3 0  9990
2 41567  51.6393 245.6780 0004053  75.9733 317.3690 15.62299505 41503
FLOCK 2E'-6             
1 41568U 98067JS  17052.91143234  .00016474  00000-0  17966-3 0  9990
2 41568  51.6386 242.6118 0003318  85.3085  56.1814 15.63526665 41604
FLOCK 2E'-8             
1 41569U 98067JT  17052.64657719  .00021992  00000-0  22570-3 0  9997
2 41569  51.6402 242.5592 0000447  67.1474 331.1199 15.64854705 41465
FLOCK 2E'-7             
1 41570U 98067JU  17052.89619400  .00023112  00000-0  22316-3 0  9995
2 41570  51.6399 240.2658 0001151 326.0351 183.4644 15.66357603 41532
FLOCK 2E-9              
1 41571U 98067JV  17052.54738955  .00021219  00000-0  21404-3 0  9998
2 41571  51.6404 242.6664 0002812  61.9765 333.3028 15.65315759 41438
FLOCK 2E-10             
1 41572U 98067JW  17052.56155194  .00019914  00000-0  20988-3 0  9994
2 41572  51.6398 243.5043 0003555  66.0520 332.1543 15.64247199 41421
FLOCK 2E-12             
1 41573U 98067JX  17052.87102509  .00020464  00000-0  21174-3 0  9991
2 41573  51.6400 241.7324 0003356  85.4104 352.9468 15.64695930 41471
FLOCK 2E-11             
1 41574U 98067JY  17052.89620416  .00020264  00000-0  20760-3 0  9994
2 41574  51.6382 240.9674 0004102  77.8701  74.7127 15.64954358 41482
FLOCK 2E'-9             
1 41575U 98067JZ  17052.54060751  .00019756  00000-0  19884-3 0  9996
2 41575  51.6373 242.5798 0004000 102.7306 290.8846 15.65420188 41427
FLOCK 2E'-10            
1 41576U 98067KA  17052.81180256  .00019362  00000-0  20011-3 0  9997
2 41576  51.6396 242.0016 0003954 102.9104  23.2885 15.64765913 41356
FLOCK 2E'-11            
1 41577U 98067KB  17052.74952395  .00018769  00000-0  19627-3 0  9992
2 41577  51.6407 242.3829 0003908  74.0439  31.5754 15.64491234 41162
FLOCK 2E'-12            
1 41578U 98067KC  17052.54773978  .00021305  00000-0  21687-3 0  9998
2 41578  51.6391 243.3969 0003641  59.9176 334.9326 15.65080366 41138
FLOCK 2E'-13            
1 41761U 98067KH  17052.55666343  .00011281  00000-0  15331-3 0  9991
2 41761  51.6413 251.7731 0008001 182.2359 208.8969 15.58101356 24863
FLOCK 2E'-14            
1 41762U 98067KJ  17052.82327878  .00010524  00000-0  14312-3 0  9996
2 41762  51.6417 250.3737 0007758 183.0469 296.0260 15.58171155 24900
FLOCK 2E'-16            
1 41763U 98067KK  17052.54752756  .00011716  00000-0  15718-3 0  9998
2 41763  51.6425 251.7201 0007156 190.5247 198.1850 15.58410147 24825
FLOCK 2E'-15            
1 41764U 98067KL  17052.56161190  .00010942  00000-0  14925-3 0  9996
2 41764  51.6421 251.8097 0007966 187.9106 204.4976 15.58040077 24820
TIANGONG-2              
1 41765U 16057A   17052.88564013  .00011210  00000-0  11413-3 0  9990
2 41765  42.7860 323.0929 0006138 154.1755 304.0759 15.65137260 24950
FLOCK 2E'-18            
1 41769U 98067KM  17052.55097150  .00010283  00000-0  14024-3 0  9992
2 41769  51.6429 251.7377 0006001 205.9154 183.6731 15.58133514 24822
FLOCK 2E'-17            
1 41776U 98067KN  17052.54711870  .00011025  00000-0  14958-3 0  9992
2 41776  51.6429 251.7169 0006150 207.0933 181.4686 15.58185357 24818
FLOCK 2E'-19            
1 41777U 98067KP  17052.54555536  .00014174  00000-0  18152-3 0  9996
2 41777  51.6417 250.9465 0005666 205.1512 184.0313 15.59456763 24784
FLOCK 2E'-20            
1 41782U 98067KQ  17052.84045628  .00013910  00000-0  18085-3 0  9993
2 41782  51.6420 249.7218 0005729 201.8551 284.1470 15.59072289 24695
SOYUZ-MS 02             
1 41820U 16063A   17051.59153628  .00002780  00000-0  48782-4 0  9994
2 41820  51.6420 259.5344 0006744 210.9524 197.5032 15.54400469 43621
BANXING-2               
1 41834U 16057H   17052.88416630  .00012741  00000-0  12888-3 0  9995
2 41834  42.7857 323.1116 0006208 158.1926 287.5694 15.65188816 19022
SOYUZ-MS 03             
1 41864U 16070A   17051.59153628  .00002780  00000-0  48782-4 0  9990
2 41864  51.6420 259.5344 0006744 210.9524 197.5032 15.54400469 43629
STARS-C                 
1 41895U 98067KR  17051.92288836  .00017329  00000-0  24875-3 0  9998
2 41895  51.6420 257.3552 0006263 221.1556 138.8966 15.56202948  9850
TANCREDO-1              
1 41931U 98067KT  17051.92993417  .00033013  00000-0  45309-3 0  9990
2 41931  51.6428 257.3990 0010419 192.8081 167.2656 15.56964946  5424
ITF-2                   
1 41932U 98067KU  17052.71795743  .00013400  00000-0  19788-3 0  9991
2 41932  51.6411 253.6638 0007533 191.1106 168.9336 15.55655154  5541
WASEDA-SAT3             
1 41933U 98067KV  17052.01087652  .00016809  00000-0  24594-3 0  9995
2 41933  51.6416 257.1858 0006949 189.7547 170.3322 15.55702969  5439
EGG                     
1 41934U 98067KW  17052.71791654  .00093165  00000-0  12708-2 0  9990
2 41934  51.6437 253.6606 0008829 194.6049 165.4658 15.56686010  5634
AOBA-VELOX 3            
1 41935U 98067KX  17051.94835613  .00015038  00000-0  22158-3 0  9993
2 41935  51.6431 257.5203 0007208 190.5171 169.5683 15.55605783  5524
TUPOD                   
1 41936U 98067KY  17050.00570821  .00029271  00000-0  40353-3 0  9998
2 41936  51.6423 267.0446 0010148 190.3728 169.7083 15.56911965  4601
OSNSAT                  
1 41939U 98067KZ  17051.80723303  .00026384  00000-0  37050-3 0  9997
2 41939  51.6429 258.0749 0011407 198.1755 161.8847 15.56458394  4750
