TDRS 3                  
1 19548U 88091B   16107.10769567 -.00000316  00000-0  00000+0 0  9999
2 19548  14.7880  12.6885 0038033 309.1753 219.3700  1.00270070 88120
HST                     
1 20580U 90037B   16108.91809028  .00001258  00000-0  67842-4 0  9994
2 20580  28.4703 296.7039 0002629 281.7510 304.0807 15.08306186225919
TDRS 5                  
1 21639U 91054B   16108.82730355  .00000076  00000-0  00000+0 0  9991
2 21639  14.0528  26.0386 0026281 327.9299 342.4511  1.00272071 90489
TDRS 6                  
1 22314U 93003B   16109.13128426 -.00000302  00000-0  00000+0 0  9996
2 22314  13.5463  28.9000 0005699 308.9359 230.1557  1.00267409 85152
TDRS 7                  
1 23613U 95035B   16108.75285670 -.00000213  00000-0  00000-0 0  9990
2 23613  14.7612  19.7408 0024641  21.5029 160.9646  1.00272955 76021
ISS (ZARYA)             
1 25544U 98067A   16109.49424856  .00007984  00000-0  12705-3 0  9995
2 25544  51.6424 355.7774 0001421  44.1954  14.5115 15.54274169995696
LANDSAT 7               
1 25682U 99020A   16109.40456665  .00000060  00000-0  23322-4 0  9998
2 25682  98.2177 180.6049 0000637  83.2113 276.9158 14.57103548904730
TERRA                   
1 25994U 99068A   16109.34653494 -.00001448  00000-0 -31159-3 0  9997
2 25994  98.2118 184.4755 0001213  58.6966 301.4373 14.57081824868802
TDRS 8                  
1 26388U 00034A   16108.34711765 -.00000243  00000-0  00000-0 0  9994
2 26388   6.7623  59.6799 0002297 223.3297 136.6397  1.00280060 57954
EO-1                    
1 26619U 00075A   16109.16248521 -.00000448  00000-0 -76359-4 0  9994
2 26619  97.8842 151.3633 0010071  21.9825 338.1778 14.64242495821337
TIMED                   
1 26998U 01055B   16109.38346312  .00000404  00000-0  48387-4 0  9994
2 26998  74.0710  80.3010 0002381 246.1082 113.9849 14.87689510778303
TDRS 9                  
1 27389U 02011A   16108.33641771 -.00000116  00000-0  00000+0 0  9999
2 27389   4.3773  85.0390 0019021 239.5665 350.5001  1.00271708 53209
AQUA                    
1 27424U 02022A   16109.18196856  .00000287  00000-0  73780-4 0  9992
2 27424  98.2035  50.6704 0001386  57.4162  54.8456 14.57106921742385
TDRS 10                 
1 27566U 02055A   16108.08003481  .00000061  00000-0  00000+0 0  9994
2 27566   4.2897  60.3259 0008671 239.3584 120.5808  1.00265065 48998
SORCE                   
1 27651U 03004A   16109.20403249  .00000582  00000-0  76036-4 0  9990
2 27651  39.9947 169.4337 0022129 131.1548 229.1154 14.88311150717445
AURA                    
1 28376U 04026A   16109.50900446  .00000273  00000-0  70711-4 0  9995
2 28376  98.2030  53.1566 0001292  78.1528 281.9815 14.57126308625476
SWIFT                   
1 28485U 04047A   16109.53304367  .00002000  00000-0  11229-3 0  9990
2 28485  20.5559 222.0184 0011260 277.1641  82.7512 15.03047443624213
THEMIS A                
1 30580U 07004A   16107.99296271 -.00000292  00000-0  00000+0 0  9990
2 30580  11.1907 288.2078 8408032 346.0238   0.3637  0.87729733 33329
THEMIS D                
1 30797U 07004D   16108.82823796 -.00000105  00000-0  00000+0 0  9994
2 30797   5.0891 275.5693 8272061   1.3949 359.6795  0.99936185 33224
THEMIS E                
1 30798U 07004E   16110.41448014 -.00000335  00000-0 -32374-1 0  9996
2 30798   6.6855 288.1358 8301923 350.1012 359.9656  1.00591231 33384
AIM                     
1 31304U 07015A   16108.95121013  .00003064  00000-0  18880-3 0  9993
2 31304  97.9610 263.1872 0006533 135.0965 225.0793 15.10769165490709
FGRST (GLAST)           
1 33053U 08029A   16108.89856452  .00001167  00000-0  51537-4 0  9996
2 33053  25.5834  17.2623 0012770  45.5955 314.5624 15.10550360432914
WISE                    
1 36119U 09071A   16109.13357802  .00002795  00000-0  10850-3 0  9993
2 36119  97.4853 130.1583 0003659  45.2381 314.9155 15.26939385351384
TDRS 11                 
1 39070U 13004A   16108.81637573  .00000062  00000-0  00000-0 0  9991
2 39070   5.9157 329.2885 0009817 288.3644  71.3508  1.00272424  9471
TDRS 12                 
1 39504U 14004A   16108.47709253 -.00000302  00000-0  00000-0 0  9999
2 39504   6.4019 336.7605 0000617  29.7437 330.1094  1.00264740  7055
GPM-CORE                
1 39574U 14009C   16108.87004754  .00009503  00000-0  14162-3 0  9997
2 39574  65.0112 286.1605 0010377 276.8674  83.1291 15.55583216121358
MMS 1                   
1 40482U 15011A   16108.73972755 -.00000433  00000-0  00000+0 0  9997
2 40482  28.6663 346.3766 8156631  92.6322 225.3375  1.00489361  4036
MMS 2                   
1 40483U 15011B   16106.10115337 -.00000345  00000-0  00000+0 0  9994
2 40483  28.6684 346.6380 8160814  92.1847 350.8748  1.00490077  4012
MMS 3                   
1 40484U 15011C   16108.73972755 -.00000433  00000-0  00000-0 0  9990
2 40484  28.6622 346.3687 8157956  92.6056 225.4164  1.00489360  3866
MMS 4                   
1 40485U 15011D   16106.10112175 -.00000345  00000-0  00000+0 0  9993
2 40485  28.6779 346.6348 8158510  92.1839 350.8360  1.00487397  4004
