METEOSAT-7              
1 24932U 97049B   17050.53057772  .00000043  00000-0  00000+0 0  9994
2 24932  10.5165  38.3085 0001661 295.9186  64.1324  1.00273169 71288
NOAA 15                 
1 25338U 98030A   17051.51173198  .00000030  00000-0  31630-4 0  9990
2 25338  98.7851  62.1727 0010590 179.8460 180.2724 14.25777932976380
METEOSAT-8 (MSG-1)      
1 27509U 02040B   17052.12342819  .00000134  00000-0  00000+0 0  9991
2 27509   4.6396  58.7910 0000146 237.7360 300.4032  1.00271108 53125
KALPANA-1 (METSAT 1)    
1 27525U 02043A   17050.53668241 -.00000084  00000-0  00000+0 0  9990
2 27525   6.1541  56.0105 0015751 232.6864 127.3159  1.00273127 52904
INSAT-3A                
1 27714U 03013A   17051.48313556 -.00000189  00000-0  00000+0 0  9995
2 27714   0.9092  88.6731 0016390 230.2510 287.2925  0.99801481 50817
NOAA 18                 
1 28654U 05018A   17051.51632029 -.00000005  00000-0  22678-4 0  9996
2 28654  99.1913  70.8290 0014868  42.1660 318.0651 14.12325546605795
METEOSAT-9 (MSG-2)      
1 28912U 05049B   17051.24156455  .00000052  00000-0  00000+0 0  9992
2 28912   1.9758  70.5329 0000628  32.1128 144.0510  1.00267478 40940
HIMAWARI-7 (MTSAT-2)    
1 28937U 06004A   17052.23192293 -.00000251  00000-0  00000+0 0  9993
2 28937   0.0243 245.9807 0003862  92.4963  41.3440  1.00273366 40230
FORMOSAT-3 FM6          
1 29047U 06011A   17051.17808607  .00000032  00000-0  29107-4 0  9999
2 29047  71.9785  65.9329 0050708 351.2347   8.7897 14.28562454568054
FORMOSAT-3 FM1          
1 29048U 06011B   17051.86284802  .00000098  00000-0  55192-4 0  9996
2 29048  71.9694 336.8135 0045755 306.4134 109.1953 14.28500272570648
FORMOSAT-3 FM5          
1 29049U 06011C   17052.19242149  .00000070  00000-0  44247-4 0  9991
2 29049  72.0208 140.9432 0035671 342.2936  17.6954 14.28543673566461
FORMOSAT-3 FM3          
1 29050U 06011D   17052.17202652  .00000214  00000-0  55898-4 0  9990
2 29050  72.0155  50.5057 0049908   4.8688 355.2938 14.58454221579657
FORMOSAT-3 FM4          
1 29051U 06011E   17051.16528701  .00000023  00000-0  25108-4 0  9994
2 29051  72.0056  47.3115 0070140 224.0342 135.5196 14.28565613568908
FORMOSAT-3 FM2          
1 29052U 06011F   17051.52686307  .00000094  00000-0  53444-4 0  9994
2 29052  72.0343 117.1920 0042008 307.4059  52.3256 14.28654579567273
GOES 13                 
1 29155U 06018A   17050.79056015 -.00000260  00000-0  00000+0 0  9991
2 29155   0.3315  99.3786 0004015 313.8522 306.7813  1.00274338 39381
METOP-A                 
1 29499U 06044A   17052.22615633  .00000002  00000-0  21067-4 0  9992
2 29499  98.6947 113.7023 0001885 128.1001 309.1963 14.21498016536663
FENGYUN 2D              
1 29640U 06053A   17051.92687045 -.00000369  00000-0  10000-3 0  9993
2 29640   4.2379  64.9842 0004314 329.4119 213.9290  1.00267385 37437
FENGYUN 3A              
1 32958U 08026A   17052.20500342  .00000010  00000-0  24438-4 0  9990
2 32958  98.4219  86.6036 0008487 257.2137 102.8103 14.19650421452880
FENGYUN 2E              
1 33463U 08066A   17051.03621468 -.00000203  00000-0  00000+0 0  9998
2 33463   1.9616  66.1596 0004663 226.3763 316.7890  1.00262305 29953
NOAA 19                 
1 33591U 09005A   17051.50466967  .00000076  00000-0  66375-4 0  9996
2 33591  99.0775  16.7682 0013099 238.7093 121.2796 14.12154523414188
GOES 14                 
1 35491U 09033A   17050.87257772 -.00000103  00000-0  00000+0 0  9999
2 35491   0.0292 129.7464 0006464 113.4475 116.7154  1.00273391 28028
METEOR-M 1              
1 35865U 09049A   17052.15703655  .00000022  00000-0  28495-4 0  9992
2 35865  98.4327  78.9662 0003431 116.3733 243.7798 14.22098181385614
GOES 15                 
1 36411U 10008A   17050.95908492  .00000080  00000-0  00000+0 0  9990
2 36411   0.0525 245.5877 0000994 250.6684 223.7270  1.00276240 25552
COMS 1                  
1 36744U 10032A   17051.89239942 -.00000353  00000-0  00000+0 0  9991
2 36744   0.0117 119.0183 0001094 247.9943 233.4451  1.00272819 24525
FENGYUN 3B              
1 37214U 10059A   17052.14372122  .00000002  00000-0  23344-4 0  9991
2 37214  98.8798  11.3332 0017851 107.7537 252.5592 14.15841244326121
ELEKTRO-L 1 (GOMS 2)    
1 37344U 11001A   17052.19592200 -.00000212  00000-0  00000+0 0  9992
2 37344   2.2032  78.3831 0004545 266.2615 210.5055  1.00237395 22347
SUOMI NPP               
1 37849U 11061A   17052.14882464  .00000002  00000-0  21530-4 0  9999
2 37849  98.7257 352.4964 0001795 100.9751  14.0051 14.19559970275622
FENGYUN 2F              
1 38049U 12002A   17050.84099263 -.00000365  00000-0  00000-0 0  9998
2 38049   1.4773  77.7269 0000925 202.7179 283.9167  1.00260499 18758
METEOSAT-10 (MSG-3)     
1 38552U 12035B   17050.58429322 -.00000015  00000-0  00000-0 0  9999
2 38552   0.7002  45.5480 0000404 202.4412 111.9823  1.00266695 16752
METOP-B                 
1 38771U 12049A   17051.20660713 -.00000005  00000-0  17784-4 0  9998
2 38771  98.6952 113.2439 0001151 151.8058 276.4602 14.21490830229659
FENGYUN 3C              
1 39260U 13052A   17052.04054280 -.00000026  00000-0  83616-5 0  9997
2 39260  98.6612 124.3559 0001062  55.7025 304.4249 14.19639740176909
METEOR-M 2              
1 40069U 14037A   17052.16365566 -.00000026  00000-0  81825-5 0  9995
2 40069  98.6710 109.2093 0005358 178.6392 181.4802 14.20639568136089
HIMAWARI-8              
1 40267U 14060A   17050.19448947 -.00000285  00000-0  00000-0 0  9995
2 40267   0.0501 291.7605 0001026  68.9973 359.2166  1.00274047  8621
FENGYUN 2G              
1 40367U 14090A   17051.03554965 -.00000336  00000-0  00000+0 0  9997
2 40367   0.6753 264.4713 0001344 291.5969  71.3063  1.00262478  7909
METEOSAT-11 (MSG-4)     
1 40732U 15034A   17050.28010923 -.00000037  00000-0  00000-0 0  9998
2 40732   2.0351 247.1288 0001859  60.9219 298.6736  1.00276244  5902
ELEKTRO-L 2             
1 41105U 15074A   17047.11331881 -.00000112  00000-0  00000+0 0  9997
2 41105   0.0842 110.5600 0000973 266.7994 245.7556  1.00272715  4342
HIMAWARI-9              
1 41836U 16064A   17051.19142797 -.00000284  00000-0  00000+0 0  9997
2 41836   0.0131 116.0642 0000955 250.5805 353.3566  1.00268980  1177
GOES 16                 
1 41866U 16071A   17050.83204426 -.00000192  00000-0  00000+0 0  9994
2 41866   0.0475 295.7527 0001862  78.1214 346.1060  1.00272079   974
FENGYUN 4A              
1 41882U 16077A   17051.00434578 -.00000308  00000-0  00000+0 0  9990
2 41882   0.2504 271.7848 0002771 193.7364 145.5500  1.00267580   844
CYGFM05                 
1 41884U 16078A   17051.31148651  .00000655  00000-0  37573-4 0  9995
2 41884  34.9590  29.7856 0016349  18.0511 342.0780 15.13405265 10123
CYGFM04                 
1 41885U 16078B   17051.22917913  .00001426  00000-0  78957-4 0  9999
2 41885  34.9499  30.0295 0015388  16.8855 343.2371 15.13745633 10117
CYGFM02                 
1 41886U 16078C   17051.23581676  .00000589  00000-0  33823-4 0  9996
2 41886  34.9608  30.1253 0015701  16.0818 344.0391 15.13606758 10110
CYGFM01                 
1 41887U 16078D   17051.24942579  .00001250  00000-0  70223-4 0  9992
2 41887  34.9547  30.2088 0017045  18.0345 342.0971 15.13321464 10110
CYGFM08                 
1 41888U 16078E   17051.30815183  .00000974  00000-0  54897-4 0  9991
2 41888  34.9521  29.7282 0016229  17.8897 342.2383 15.13475792 10117
CYGFM06                 
1 41889U 16078F   17052.21223721  .00000643  00000-0  36461-4 0  9994
2 41889  34.9614  23.8800 0014456  23.2278 336.9087 15.13903257 10254
CYGFM07                 
1 41890U 16078G   17051.21968038  .00000803  00000-0  44963-4 0  9996
2 41890  34.9539  29.9647 0014024  14.2420 345.8684 15.13975472 10102
CYGFM03                 
1 41891U 16078H   17051.21612667  .00000668  00000-0  37631-4 0  9994
2 41891  34.9576  29.9504 0013658  14.3785 345.7300 15.14045580 10106
