APRIZESAT 2             
1 28366U 04025A   17052.16684199  .00000028  00000-0  22836-4 0  9990
2 28366  98.3410 329.7370 0108565  37.8904 322.9860 14.36589761662935
SAUDICOMSAT 1           
1 28369U 04025D   17051.15334724  .00000068  00000-0  27619-4 0  9995
2 28369  98.1803   6.1212 0034267  26.7877 333.5079 14.52334648669809
SAUDICOMSAT 2           
1 28370U 04025E   17051.44718699  .00000084  00000-0  34457-4 0  9992
2 28370  98.2887 358.8080 0058588 145.4697 215.0324 14.47283216667572
APRIZESAT 1             
1 28372U 04025G   17051.83685960  .00000057  00000-0  26224-4 0  9994
2 28372  98.2413   2.3485 0047730  86.5645 274.1007 14.49478242668712
NANOSAT-1               
1 28493U 04049B   17052.16986308  .00000088  00000-0  21738-4 0  9990
2 28493  98.2165 120.4180 0004891  27.4757 332.6708 14.73279974653847
SAUDICOMSAT 7           
1 31119U 07012C   17051.49268450  .00000093  00000-0  27416-4 0  9993
2 31119  97.9335  19.1016 0061537  69.9723 290.8090 14.61554466524910
SAUDICOMSAT 6           
1 31121U 07012E   17052.12068830  .00000070  00000-0  24199-4 0  9997
2 31121  98.0000  11.6581 0077797 128.7049 232.1142 14.58355938523889
SAUDICOMSAT 5           
1 31124U 07012H   17051.90028450  .00000133  00000-0  34230-4 0  9996
2 31124  97.8947  24.4320 0052687  38.4045 322.0889 14.63239353525546
SAUDICOMSAT 3           
1 31125U 07012J   17051.47966434  .00000162  00000-0  38622-4 0  9993
2 31125  97.8562  29.2763 0043731  10.3090 349.9000 14.64954959526061
SAUDICOMSAT 4           
1 31127U 07012L   17050.89113499  .00000087  00000-0  26850-4 0  9991
2 31127  97.9657  14.7481 0069546 100.3937 260.5112 14.60066250524296
APRIZESAT 4             
1 35684U 09041D   17052.08253538  .00000098  00000-0  20472-4 0  9995
2 35684  98.1185 353.1855 0048633 110.7267 314.1062 14.78993145407973
APRIZESAT 3             
1 35686U 09041F   17051.54491375  .00000241  00000-0  32505-4 0  9990
2 35686  98.2712  46.2143 0074056  33.4735 327.1128 14.87019044409854
AISSAT 1                
1 36797U 10035C   17051.54291009  .00000264  00000-0  36803-4 0  9991
2 36797  98.0291 164.3007 0011624  23.9540 336.2213 14.85771048357988
