COSMOS 2361 [-]         
1 25590U 98076A   19209.65671403  .00000048  00000-0  35455-4 0  9992
2 25590  82.9332 265.7871 0030186 259.8297 216.9346 13.72965976 31499
COSMOS 2378 [-]         
1 26818U 01023A   19209.91047532  .00000021  00000-0  66419-5 0  9997
2 26818  82.9289 285.5677 0032290 208.4393 151.4992 13.73935996909509
COSMOS 2389 [-]         
1 27436U 02026A   19210.57665932  .00000034  00000-0  18589-4 0  9990
2 27436  82.9486 229.7261 0047794  76.5799  34.0837 13.74937129861606
COSMOS 2398 [-]         
1 27818U 03023A   19210.75912535  .00000054  00000-0  41966-4 0  9993
2 27818  82.9471 187.7885 0032710  96.7840 263.7040 13.72169952808889
COSMOS 2407 [+]         
1 28380U 04028A   19210.78160859  .00000039  00000-0  23361-4 0  9993
2 28380  82.9620 136.4366 0040633  83.1021 277.4745 13.76067192754251
COSMOS 2414 [+]         
1 28521U 05002A   19210.70183212  .00000062  00000-0  39575-4 0  9993
2 28521  82.9505 144.8496 0039362 298.9923  60.7307 13.87612890735418
COSMOS 2429 [-]         
1 32052U 07038A   19209.62010156  .00000033  00000-0  18567-4 0  9999
2 32052  82.9792 259.4383 0039667  60.3012 300.2083 13.74916491595952
COSMOS 2454 [-]         
1 35635U 09039A   19210.70382410  .00000042  00000-0  21381-4 0  9996
2 35635  82.9575 133.1621 0017883 253.0287 106.8918 13.89641567508344
COSMOS 2463 [+]         
1 36519U 10017A   19210.49372506 -.00000004  00000-0 -21051-4 0  9991
2 36519  82.9604 296.9158 0034896 266.5460  93.1717 13.71436263463326
