SCD 1                   
1 22490U 93009B   19209.86827546  .00000239  00000-0  15382-4 0  9992
2 22490  24.9686 231.3884 0042865 201.1032 173.7136 14.44554947397304
TECHSAT 1B (GO-32)      
1 25397U 98043D   19210.38241654 -.00000039  00000-0  20808-5 0  9992
2 25397  98.6899 150.0369 0000291 337.9062  22.2104 14.23668178 93664
SCD 2                   
1 25504U 98060A   19209.88910344  .00000195  00000-0  40552-5 0  9993
2 25504  24.9963  79.2626 0017106 224.2471 236.1569 14.44072173 96358
LANDSAT 7               
1 25682U 99020A   19210.51045592 -.00000003  00000-0  91783-5 0  9994
2 25682  98.1251 276.9191 0001513  91.3768 268.7607 14.57154763 79061
DLR-TUBSAT              
1 25757U 99029B   19210.35370430 -.00000029  00000-0  42305-5 0  9994
2 25757  98.4111 132.4274 0015500  98.2140 262.0813 14.51404575 68484
TERRA                   
1 25994U 99068A   19210.39362336  .00000047  00000-0  20504-4 0  9995
2 25994  98.2022 284.3220 0000984  79.1916 280.9404 14.57113873 43126
MAROC-TUBSAT            
1 27004U 01056D   19209.94626609 -.00000040  00000-0  47227-5 0  9990
2 27004  99.4703 342.9057 0020504 133.7242 335.4826 13.70135844881734
AQUA                    
1 27424U 02022A   19209.94487332  .00000063  00000-0  24004-4 0  9999
2 27424  98.2044 150.1866 0000675 344.1758  81.8205 14.57113746916611
IRS-P6 (RESOURCESAT-1)  
1 28051U 03046A   19210.77653978 -.00002114  00000-0 -72726-3 0  9991
2 28051  98.5157 287.8173 0056625 266.8189  92.6238 14.34091454819994
SHIYAN 1 (SY-1)         
1 28220U 04012A   19210.47607650 -.00000482  00000-0 -33990-4 0  9993
2 28220  97.8004 172.8178 0007482  29.3104 330.8537 14.99841550832163
FORMOSAT-2 (ROCSAT 2)   
1 28254U 04018A   19210.14763639  .00000107  00000-0  10000-3 0  9998
2 28254  98.7671 252.8261 0002606 135.2119 290.8603 14.00727074776665
AURA                    
1 28376U 04026A   19210.48721554  .00000059  00000-0  23057-4 0  9992
2 28376  98.2041 152.8779 0001215  76.7123 283.4211 14.57113395799786
IRS-P5 (CARTOSAT-1)     
1 28649U 05017A   19210.85372936 -.00000017  00000-0  42541-5 0  9998
2 28649  97.8525 280.8803 0002736  70.8953 289.2547 14.83645786770537
SINAH 1                 
1 28893U 05043D   19209.89229491 -.00000026  00000-0  38535-5 0  9995
2 28893  97.9791 345.8349 0014064 240.3128 119.6674 14.61507417733176
EROS B                  
1 29079U 06014A   19210.21973067  .00000783  00000-0  35312-4 0  9992
2 29079  97.4247 328.6438 0003269  20.7475  42.9634 15.23962552735879
RESURS-DK 1             
1 29228U 06021A   19209.66370162 -.00000021  00000-0  58057-5 0  9998
2 29228  69.9361 294.7717 0007493 251.7994 108.2351 15.02451932723965
ARIRANG-2 (KOMPSAT-2)   
1 29268U 06031A   19210.88598148  .00000042  00000-0  17442-4 0  9999
2 29268  98.0271 101.9401 0019188  96.5501 263.7893 14.62440292693926
LAPAN-TUBSAT            
1 29709U 07001A   19210.86762173 -.00000006  00000-0  57410-5 0  9997
2 29709  97.8108 172.1451 0014149  87.6551 272.6298 14.82181424678433
CARTOSAT-2 (IRS-P7)     
1 29710U 07001B   19210.89862288 -.00000080  00000-0 -38403-5 0  9994
2 29710  97.9702 269.5666 0001172  98.2368 261.8945 14.78645543677385
HAIYANG-1B              
1 31113U 07010A   19209.87265997 -.00000004  00000-0  14841-4 0  9998
2 31113  98.4510 257.5392 0015101  91.5427 268.7486 14.30226711641770
COSMO-SKYMED 1          
1 31598U 07023A   19210.49466925 -.00005749  00000-0 -71649-3 0  9993
2 31598  97.8915  33.2923 0001287  90.1562 269.9836 14.82140712656842
TERRASAR-X              
1 31698U 07026A   19210.63541667  .00000057  00000-0  58981-5 0  9991
2 31698  97.4466 217.2793 0001697  90.7736  78.4510 15.19150859672139
WORLDVIEW-1 (WV-1)      
1 32060U 07041A   19209.91320587  .00000300  00000-0  15110-4 0  9994
2 32060  97.3949 329.0162 0002244  81.3152 278.8339 15.24421778659730
YAOGAN 3                
1 32289U 07055A   19210.40336767  .00000238  00000-0  37608-4 0  9991
2 32289  98.0026 221.0040 0001224  73.5514 286.5846 14.80967661633025
COSMO-SKYMED 2          
1 32376U 07059A   19210.52841599 -.00000300  00000-0 -31080-4 0  9999
2 32376  97.8918  33.3271 0001321  80.3271 279.8093 14.82155084629599
RADARSAT-2              
1 32382U 07061A   19210.92742822  .00000214  00000-0  10000-3 0  9992
2 32382  98.5765 217.2346 0001065  89.4528 328.6042 14.29985220606732
CARTOSAT-2A             
1 32783U 08021A   19210.33557824  .00000096  00000-0  20197-4 0  9992
2 32783  97.9690 269.3696 0012722 342.6798  17.3984 14.78654757607244
JASON-2 (OSTM)          
1 33105U 08032A   19210.83261958 -.00000058  00000-0  16197-4 0  9992
2 33105  66.0418 297.6477 0008324 266.5349 200.5471 12.87628075520061
RAPIDEYE 2              
1 33312U 08040A   19210.49923171  .00014352  00000-0  17179-2 0  9995
2 33312  97.7406 278.0450 0013427 351.7817   8.3122 14.84164522589625
RAPIDEYE 5              
1 33313U 08040B   19210.86013511 -.00002291  00000-0 -26745-3 0  9996
2 33313  97.7477 277.2848 0017226 235.2811 124.6499 14.84145996589620
RAPIDEYE 1              
1 33314U 08040C   19210.78116433  .00075158  00000-0  88543-2 0  9998
2 33314  97.7461 278.1070 0024634   9.1210 351.0213 14.84186098589654
RAPIDEYE 3              
1 33315U 08040D   19210.47949772  .00092520  00000-0  10910-1 0  9999
2 33315  97.7476 276.8047 0013808 313.1038  46.8929 14.84184846589570
RAPIDEYE 4              
1 33316U 08040E   19210.73707374  .00157928  00000-0  18452-1 0  9992
2 33316  97.7516 276.9431 0011326 252.9037 107.4685 14.84184307589605
HUANJING 1A (HJ-1A)     
1 33320U 08041A   19210.18265178  .00000019  00000-0  98641-5 0  9998
2 33320  97.8352 267.4306 0026769  50.3520 310.0047 14.77031778586739
HUANJING 1B (HJ-1B)     
1 33321U 08041B   19210.20805540  .00000048  00000-0  13877-4 0  9994
2 33321  97.8428 269.3742 0035983  68.5513 291.9539 14.77146314586736
GEOEYE 1                
1 33331U 08042A   19210.50788953 -.00000012  00000-0  67102-5 0  9990
2 33331  98.0946 284.3483 0009387   4.2701 355.8584 14.64395588582123
THEOS                   
1 33396U 08049A   19210.56392139  .00000169  00000-0  10000-3 0  9996
2 33396  98.6820 276.8212 0001293 100.3979  33.9929 14.20050735561094
COSMO-SKYMED 3          
1 33412U 08054A   19210.37656363 -.00000178  00000-0 -15803-4 0  9991
2 33412  97.8910  33.1811 0001471  86.3545 273.7830 14.82152562582034
YAOGAN 4                
1 33446U 08061A   19210.85546302  .00000029  00000-0  11058-4 0  9991
2 33446  97.6775 176.0132 0015093 314.6032  45.3947 14.76964273574063
GOSAT (IBUKI)           
1 33492U 09002A   19210.18768317  .00000029  00000-0  13524-4 0  9996
2 33492  98.0383 321.7645 0001553  83.8433 276.2949 14.67566148563051
YAOGAN 6                
1 34839U 09021A   19210.62598523  .00000273  00000-0  12885-4 0  9992
2 34839  97.0525 232.2439 0029934  94.6388 265.8272 15.26604832570402
DEIMOS-1                
1 35681U 09041A   19210.07046599  .00000101  00000-0  23700-4 0  9998
2 35681  97.8588  90.5716 0002253  49.5330 310.6078 14.71793699536672
DUBAISAT-1              
1 35682U 09041B   19210.06570315  .00000108  00000-0  26252-4 0  9998
2 35682  97.7313  41.2803 0010584 199.4270 160.6533 14.68740573535501
OCEANSAT-2              
1 35931U 09051A   19210.44525278 -.00000061  00000-0 -42221-5 0  9991
2 35931  98.3018 305.0123 0001157  19.9205 340.2035 14.50831487521439
WORLDVIEW-2 (WV-2)      
1 35946U 09055A   19209.87693070 -.00000056  00000-0 -41194-5 0  9994
2 35946  98.4326 284.7987 0000600 211.7487 148.3648 14.37672466514383
SMOS                    
1 36036U 09059A   19209.63389770  .00000031  00000-0  23635-4 0  9992
2 36036  98.4448  36.3124 0001306  91.2981 268.8357 14.39758239511621
YAOGAN 7                
1 36110U 09069A   19209.84598128  .00000028  00000-0  12276-4 0  9993
2 36110  98.2725  33.5389 0024022 169.8713 190.2987 14.75124895518648
TANDEM-X                
1 36605U 10030A   19209.89627706  .00000301  00000-0  17538-4 0  9992
2 36605  97.4462 216.5514 0001577  79.7360   9.1286 15.19152618504767
CARTOSAT-2B             
1 36795U 10035A   19210.71062652 -.00000007  00000-0  61647-5 0  9998
2 36795  97.9669 269.3680 0015595  53.3272 306.9371 14.78649520488341
YAOGAN 10               
1 36834U 10038A   19210.71364977  .00000022  00000-0  96365-5 0  9991
2 36834  97.9676 210.7498 0001321  73.0334 287.1016 14.80925066484819
COSMO-SKYMED 4          
1 37216U 10060A   19210.47356478 -.00000647  00000-0 -74729-4 0  9995
2 37216  97.8910  33.2716 0001224  78.7447 281.3924 14.82147061472133
RESOURCESAT-2           
1 37387U 11015A   19210.17890767  .00000012  00000-0  25471-4 0  9990
2 37387  98.7130 284.7655 0003197 231.5553 128.5346 14.21632154429361
HAIYANG 2A              
1 37781U 11043A   19210.51291209 -.00190942  00000-0 -19255+0 0  9995
2 37781  99.3155 218.7700 0001497 117.2958 242.8399 13.78677908400400
RASAT                   
1 37791U 11044D   19210.71081066  .00000027  00000-0  14158-4 0  9991
2 37791  98.1180 303.0308 0021318 206.9012 153.1100 14.64726669424853
MEGHA-TROPIQUES         
1 37838U 11058A   19210.30794437  .00000258  00000-0 -29732-5 0  9998
2 37838  19.9767 167.7030 0009361 247.1169 112.8247 14.09689410402185
SRMSAT                  
1 37841U 11058D   19210.26442553  .00000272  00000-0  41553-5 0  9996
2 37841  19.9716 146.3516 0011703 282.2338 233.8369 14.10635540402430
YAOGAN 13               
1 37941U 11072A   19210.57963256  .00000091  00000-0  77904-5 0  9993
2 37941  97.5272 142.1931 0003266  94.5618  26.1980 15.18030035424832
PLEIADES 1A             
1 38012U 11076F   19210.52282083 -.00000029  00000-0  36054-5 0  9997
2 38012  98.1964 284.6764 0001368  72.9680 287.1670 14.58550417405448
ZIYUAN 1-02C (ZY 1-02C) 
1 38038U 11079A   19210.38436049  .00000029  00000-0  25906-4 0  9997
2 38038  98.7380 255.0433 0007965 137.9713 222.2085 14.35205466398286
ZIYUAN 3 (ZY 3)         
1 38046U 12001A   19210.86211545  .00000300  00000-0  16491-4 0  9998
2 38046  97.4522 284.1293 0001994 231.6506 219.9996 15.21302349419422
RISAT-1                 
1 38248U 12017A   19210.59414719  .00000106  00000-0  10447-4 0  9996
2 38248  97.5696 218.7613 0002609 279.8892  80.2043 15.09847267399769
ARIRANG-3 (KOMPSAT-3)   
1 38338U 12025B   19210.17661803  .00000020  00000-0  13359-4 0  9997
2 38338  98.1624 147.5224 0011099  76.0575 284.1861 14.61762580383950
KANOPUS-V 1             
1 38707U 12039A   19210.87209958  .00000034  00000-0  48159-5 0  9990
2 38707  97.4547 128.9403 0001434  90.1677 355.8974 15.19030785389383
EXACTVIEW-1 (ADS-1B)    
1 38709U 12039C   19210.83617951 -.00000037  00000-0  45487-5 0  9999
2 38709  99.1386 226.8384 0010527 193.3924 166.6970 14.23996044364790
SPOT 6                  
1 38755U 12047A   19210.53889472 -.00000041  00000-0  97165-6 0  9991
2 38755  98.2079 277.1343 0001453  89.1921 270.9440 14.58547092366528
PLEIADES 1B             
1 39019U 12068A   19210.48846727 -.00000029  00000-0  36060-5 0  9990
2 39019  98.1954 284.6226 0001320  80.3229 279.8120 14.58556814354299
GOKTURK 2               
1 39030U 12073A   19210.83861442 -.00000016  00000-0  51772-5 0  9992
2 39030  97.9887  99.6887 0002561  94.5474 265.6028 14.72741698354278
LANDSAT 8               
1 39084U 13008A   19210.48454381 -.00000004  00000-0  91160-5 0  9993
2 39084  98.2216 279.9387 0001336  88.0889 272.0470 14.57104143343522
SARAL                   
1 39086U 13009A   19209.90346468  .00000003  00000-0  17475-4 0  9991
2 39086  98.5420  35.4639 0002007 107.8371 252.3031 14.32008268335553
GAOFEN 1                
1 39150U 13018A   19210.87135858 -.00000002  00000-0  69742-5 0  9995
2 39150  97.8981 290.3357 0020344  83.2316 277.1199 14.76534484337260
VNREDSAT 1              
1 39160U 13021B   19210.86497524  .00000423  00000-0  92044-4 0  9996
2 39160  98.1806 285.8901 0001219 112.0637 248.0672 14.62883075332572
ARIRANG-5 (KOMPSAT-5)   
1 39227U 13042A   19210.83432558 -.00000471  00000-0 -29337-4 0  9996
2 39227  97.6193  34.4333 0002149  70.2540  44.2357 15.04506099325862
YAOGAN 18               
1 39363U 13059A   19210.87437411  .00000393  00000-0  22362-4 0  9994
2 39363  97.2949 266.6817 0002316  55.8640  30.7472 15.18171987318544
SKYSAT-1                
1 39418U 13066C   19210.17243382  .00000666  00000-0  59837-4 0  9998
2 39418  97.6503 291.2651 0021036 205.0366 154.9838 14.98841451310701
DUBAISAT-2              
1 39419U 13066D   19210.23684088 -.00000473  00000-0 -39172-4 0  9996
2 39419  97.5885 271.1970 0012861 206.4212 153.6366 14.94005071309768
GPM-CORE                
1 39574U 14009C   19209.89377613  .00001013  00000-0  18917-4 0  9992
2 39574  65.0048 175.4924 0010971 283.9758  76.0168 15.55812087307566
SENTINEL-1A             
1 39634U 14016A   19210.64746824 -.00000053  00000-0 -15556-5 0  9998
2 39634  98.1829 217.2584 0001213  83.0125 277.1203 14.59197564283342
KAZEOSAT 1              
1 39731U 14024A   19210.83759617 -.00000027  00000-0  48750-5 0  9992
2 39731  98.3522 286.4579 0001022  84.7930 275.3366 14.42045161276242
ALOS-2                  
1 39766U 14029A   19210.82028527  .00000052  00000-0  13809-4 0  9996
2 39766  97.9222 307.0562 0001379  83.0733 277.0628 14.79473243279847
KAZEOSAT 2              
1 40010U 14033A   19210.89035098 -.00000023  00000-0  37396-5 0  9990
2 40010  97.8348 109.2037 0014839 281.3139  78.6409 14.82065981276395
HODOYOSHI-4             
1 40011U 14033B   19210.87091867  .00000025  00000-0  10016-4 0  9995
2 40011  97.8120 102.9823 0025564 278.0625  81.7687 14.81115614276129
DEIMOS-2                
1 40013U 14033D   19210.50984792  .00000033  00000-0  10222-4 0  9993
2 40013  97.8376 113.9061 0001649  28.3304 331.8000 14.84547821276803
HODOYOSHI-3             
1 40015U 14033F   19209.75889553  .00000029  00000-0  10965-4 0  9998
2 40015  97.7825  91.8219 0035689 296.3408  63.4140 14.78506256275470
SPOT 7                  
1 40053U 14034A   19210.84628843 -.00000051  00000-0 -11135-5 0  9994
2 40053  98.2243 277.0728 0000951  86.3120 273.8176 14.58536741270502
SKYSAT-2                
1 40072U 14037D   19209.91671338  .00000040  00000-0  12653-4 0  9992
2 40072  98.4319   5.7925 0007747  94.6213 265.5883 14.81195430273125
WORLDVIEW-3 (WV-3)      
1 40115U 14048A   19210.47237069  .00000039  00000-0  10759-4 0  9997
2 40115  97.8095 288.3696 0000848  45.8737 314.2552 14.85022006268711
GAOFEN 2                
1 40118U 14049A   19210.88652283  .00000007  00000-0  76889-5 0  9997
2 40118  97.8693 289.9083 0008497 134.0088 226.1815 14.80635020267198
YAOGAN 21               
1 40143U 14053A   19210.86515558  .00000257  00000-0  13768-4 0  9994
2 40143  97.4815 274.4823 0016947 329.8218 119.1212 15.23509285272130
YAOGAN 22               
1 40275U 14063A   19210.70980980 -.00000045  00000-0  00000+0 0  9995
2 40275 100.4725 322.8859 0006761 115.3117 244.8697 13.15336534229204
ASNARO                  
1 40298U 14070A   19210.84130744  .00000414  00000-0  22631-4 0  9996
2 40298  97.4405 293.1332 0001627  70.8856  68.1769 15.19584807262192
HODOYOSHI-1             
1 40299U 14070B   19210.83942184  .00000237  00000-0  12885-4 0  9998
2 40299  97.3477 289.7386 0011345 256.5839 236.0578 15.23394582262539
QSAT-EOS                
1 40301U 14070D   19210.82926366  .00000732  00000-0  31108-4 0  9994
2 40301  97.3251 287.2133 0024154 252.5533 246.3924 15.25992867262569
YAOGAN 23               
1 40305U 14071A   19210.87577100  .00000423  00000-0  24182-4 0  9993
2 40305  97.4919 147.8960 0002041  99.1828 345.3109 15.17927564260642
YAOGAN 24               
1 40310U 14072A   19210.68566320  .00000041  00000-0  13075-4 0  9996
2 40310  97.8615 335.6243 0018647  90.1750 270.1599 14.76294302252763
CBERS 4                 
1 40336U 14079A   19210.87883960 -.00000032  00000-0  43235-5 0  9997
2 40336  98.6017 279.3102 0001085  54.7617 305.3656 14.35392639243267
RESURS P2               
1 40360U 14087A   19210.50695588  .00000255  00000-0  10326-4 0  9990
2 40360  97.2575 300.4396 0007725 266.1605 217.9132 15.33152231256679
YAOGAN 26               
1 40362U 14088A   19209.86044510  .00000396  00000-0  19380-4 0  9998
2 40362  97.2855 282.9858 0009084 184.5517 279.4964 15.23636209255445
SMAP                    
1 40376U 15003A   19210.90092066 -.00000002  00000-0  85672-5 0  9990
2 40376  98.1229 217.2060 0000503  65.8076 294.3182 14.63377345239906
KOMPSAT-3A              
1 40536U 15014A   19210.83630528  .00000433  00000-0  28762-4 0  9996
2 40536  97.5529 148.7428 0010615 171.1674 273.0188 15.12283250239812
SENTINEL-2A             
1 40697U 15028A   19210.69707861 -.00000005  00000-0  14560-4 0  9995
2 40697  98.5652 284.5805 0000975  85.1653 274.9639 14.30818798214167
GAOFEN 8                
1 40701U 15030A   19210.87720779  .00000471  00000-0  22661-4 0  9994
2 40701  97.4379 330.4766 0010290 196.7671 320.2256 15.23568073227978
CARBONITE 1 (CBNT-1)    
1 40718U 15032D   19210.82132918  .00000053  00000-0  15273-4 0  9998
2 40718  97.8803  96.2689 0016627 169.8411 190.3139 14.74709818218117
YAOGAN 27               
1 40878U 15040A   19210.12692206 -.00000044  00000-0  00000+0 0  9996
2 40878 100.2843 263.3093 0007981 244.3343 115.6949 13.15962288188356
GAOFEN 9                
1 40894U 15047A   19210.79025832 -.00000052  00000-0  00000+0 0  9998
2 40894  97.9157 292.0836 0033892  14.7167 345.5019 14.76288173208729
LAPAN-A2                
1 40931U 15052B   19209.19949082  .00000963  00000-0  45167-4 0  9998
2 40931   6.0013 134.8684 0013106 351.6903   8.3345 14.76612543207114
YAOGAN 28               
1 41026U 15064A   19210.55571494  .00000373  00000-0  18561-4 0  9990
2 41026  97.4119 340.3684 0002237 121.3311   9.1895 15.23506801207776
YAOGAN 29               
1 41038U 15069A   19210.68767202 -.00000016  00000-0  47926-5 0  9999
2 41038  97.9786 194.8174 0000988 117.7850 242.3448 14.80412759198378
KENT RIDGE 1            
1 41167U 15077B   19209.69444444  .00000755  00000-0  60485-5 0  9994
2 41167  14.9821 327.7204 0010920 203.3894  17.7862 15.09047046199648
TELEOS 1                
1 41169U 15077D   19210.49848646  .00000878  00000-0  12713-4 0  9994
2 41169  14.9841 311.2493 0010057 231.3102 218.4401 15.10265285199866
GAOFEN 4                
1 41194U 15083A   19209.90767853 -.00000334  00000-0  00000-0 0  9993
2 41194   0.0659 105.9777 0004270 104.6253 168.1464  1.00269671 13276
JASON-3                 
1 41240U 16002A   19209.86905251 -.00000049  00000-0  53185-4 0  9997
2 41240  66.0427 319.3295 0008065 268.5478  91.4614 12.80931450164985
SENTINEL-3A             
1 41335U 16011A   19210.49944565 -.00000021  00000-0  93524-5 0  9996
2 41335  98.6217 276.8870 0001356  88.9817 271.1518 14.26738638179487
SENTINEL-1B             
1 41456U 16025A   19210.88698533 -.00000022  00000-0  50129-5 0  9994
2 41456  98.1831 217.3206 0001187  82.6460 277.4876 14.59197842173547
ZIYUAN 3-2 (ZY 3-2)     
1 41556U 16033A   19210.52716435  .00000269  00000-0  15084-4 0  9999
2 41556  97.3949 287.0411 0003868  72.5992 109.5816 15.21302606175667
NUSAT-1 (FRESCO)        
1 41557U 16033B   19210.86302691  .00000731  00000-0  30069-4 0  9996
2 41557  97.4180 298.1250 0014764 146.8633 213.3534 15.27271354176375
NUSAT-2 (BATATA)        
1 41558U 16033C   19210.78077804  .00000754  00000-0  29243-4 0  9990
2 41558  97.4208 299.2225 0013784 147.1766 213.0333 15.29179386176416
CARTOSAT-2C             
1 41599U 16040A   19210.38742144  .00000123  00000-0  91098-5 0  9993
2 41599  97.4957 268.3448 0012437 259.1454 197.2420 15.19207441171898
SKYSAT-C1               
1 41601U 16040C   19210.87384978  .00000222  00000-0  12153-4 0  9992
2 41601  97.4047 288.9638 0000789  53.8912  37.8322 15.23701711172330
LAPAN-A3                
1 41603U 16040E   19210.20404723  .00000108  00000-0  81795-5 0  9994
2 41603  97.3574 267.9122 0011845 257.0638 187.4402 15.19727035171892
BIROS                   
1 41604U 16040F   19210.16961940  .00000193  00000-0  11560-4 0  9995
2 41604  97.3618 270.5730 0010912 239.8711 120.1445 15.21744382172058
GAOFEN 3                
1 41727U 16049A   19210.68511247 -.00000059  00000-0 -47024-5 0  9996
2 41727  98.4127 217.7924 0000769 107.1335 252.9933 14.42213893156202
SKYSAT-C4               
1 41771U 16058B   19210.74555512  .00000269  00000-0  14152-4 0  9991
2 41771  97.3988 281.2967 0001695  90.0888 270.0544 15.23548568159256
SKYSAT-C5               
1 41772U 16058C   19210.78310309  .00000237  00000-0  12865-4 0  9993
2 41772  97.3965 280.8748 0001507  69.0782  47.3063 15.23403300159250
SKYSAT-C2               
1 41773U 16058D   19209.80223329  .00000235  00000-0  12796-4 0  9991
2 41773  97.4010 280.5304 0001728  98.3452 261.7981 15.23429901159113
SKYSAT-C3               
1 41774U 16058E   19210.73486588  .00000245  00000-0  13172-4 0  9994
2 41774  97.4020 281.4615 0001858  73.5105 286.6336 15.23497842159258
ALSAT 1B                
1 41785U 16059C   19210.84985948 -.00000035  00000-0  25176-5 0  9999
2 41785  98.0614 269.9247 0030009 251.7506 108.0409 14.63323386151572
PATHFINDER 1            
1 41787U 16059E   19209.74515296  .00000040  00000-0  16922-4 0  9996
2 41787  98.0635 269.5467 0029408 254.4552 105.3382 14.63677570151442
SCATSAT 1               
1 41790U 16059H   19210.82242701 -.00000017  00000-0  67342-5 0  9997
2 41790  98.2061 254.9061 0004746 184.1598 175.9547 14.50885811150299
WORLDVIEW-4 (WV-4)      
1 41848U 16067A   19210.57620302  .00000025  00000-0  52914-5 0  9996
2 41848  97.8597 292.3211 0022411 131.9180 228.3801 15.14296625147114
GOKTURK 1A              
1 41875U 16073A   19210.58250661  .00000004  00000-0  98986-5 0  9997
2 41875  98.1296 104.5416 0001200  76.7910 283.3422 14.62780818141214
RESOURCESAT-2A          
1 41877U 16074A   19210.83740273 -.00000020  00000-0  10501-4 0  9996
2 41877  98.6311 282.7994 0000682 111.6821 248.4415 14.21664430137060
CARTOSAT-2D             
1 41948U 17008A   19210.86788383  .00000278  00000-0  16337-4 0  9997
2 41948  97.3927 270.3468 0007994  53.7560 306.4411 15.19276809135837
SENTINEL-2B             
1 42063U 17013A   19210.73208096 -.00000016  00000-0  10689-4 0  9991
2 42063  98.5656 284.6272 0001135  89.5855 270.5459 14.30818958125082
ZHUHAI-1 02 (CAS 4B)    
1 42759U 17034B   19209.97604870  .00000012  00000-0  14263-4 0  9997
2 42759  43.0194   9.5280 0010219 149.4134 358.1535 15.09602983116925
NUSAT-3 (MILANESAT)     
1 42760U 17034C   19209.90694182  .00000127  00000-0  21089-4 0  9998
2 42760  43.0187   9.8226 0008931 169.1041 320.8581 15.10037740116928
ZHUHAI-1 01 (CAS 4A)    
1 42761U 17034D   19210.51693083 -.00000051  00000-0  10402-4 0  9991
2 42761  43.0194   6.0635 0010656 153.4175 268.9643 15.09680043117000
CARTOSAT-2E             
1 42767U 17036C   19209.95967815  .00000260  00000-0  15574-4 0  9998
2 42767  97.4692 268.3110 0010480  86.1916 274.0517 15.19234359116264
FORMOSAT-5              
1 42920U 17049A   19210.51029084 -.00000047  00000-0 -50430-6 0  9991
2 42920  98.3278 288.3511 0009590 240.4169 119.6073 14.50842662102045
SENTINEL-5P             
1 42969U 17064A   19209.88177493 -.00000037  00000-0  33907-5 0  9994
2 42969  98.7371 148.7748 0001078  88.1357 271.9943 14.19542452 92704
SKYSAT-C11              
1 42987U 17068A   19209.85874821  .00000233  00000-0  13286-4 0  9998
2 42987  97.4355 323.0266 0010291  78.8414 281.3978 15.21869443 96503
SKYSAT-C10              
1 42988U 17068B   19210.83162568  .00000244  00000-0  13782-4 0  9990
2 42988  97.4352 323.8827 0005676  95.7915 264.3968 15.21854250 96653
SKYSAT-C9               
1 42989U 17068C   19209.90154141  .00000241  00000-0  13641-4 0  9996
2 42989  97.4371 323.4357 0001884  94.6492 265.4959 15.21852459 96532
SKYSAT-C8               
1 42990U 17068D   19209.89260372  .00000238  00000-0  13538-4 0  9991
2 42990  97.4381 323.3228 0005353 121.5924 238.5835 15.21765907 96520
SKYSAT-C7               
1 42991U 17068E   19210.40751032  .00000247  00000-0  13956-4 0  9993
2 42991  97.4373 323.8409 0007171 129.8900 230.2968 15.21774601 96609
SKYSAT-C6               
1 42992U 17068F   19209.86978539  .00000250  00000-0  14067-4 0  9993
2 42992  97.4376 323.5071 0011287 189.3160 170.7868 15.21803394 96538
CARTOSAT-2F             
1 43111U 18004A   19210.75062355  .00000608  00000-0  32030-4 0  9995
2 43111  97.4306 271.6300 0005901 101.8500  46.1352 15.19262240 85567
MICROSAT-TD             
1 43128U 18004T   19210.69525638  .00012959  00000-0  10333-3 0  9997
2 43128  96.8033 266.0124 0006651 327.5595  32.5260 15.71247611 88441
NUSAT-4 (ADA)           
1 43195U 18015D   19210.41605660  .00000603  00000-0  27889-4 0  9995
2 43195  97.3998 337.4004 0018297 152.8942 292.4262 15.23822931 82539
NUSAT-5 (MARYAM)        
1 43204U 18015K   19210.91307397  .00000570  00000-0  26356-4 0  9998
2 43204  97.3999 337.9789 0017822 153.5268 322.3928 15.24023749 82216
GAOFEN 1-02             
1 43259U 18031A   19210.02964152  .00000007  00000-0  83631-5 0  9991
2 43259  97.9951 287.2590 0005415 140.5418 219.6184 14.76431489 71552
GAOFEN 1-03             
1 43260U 18031B   19210.68474965  .00000038  00000-0  12812-4 0  9999
2 43260  97.9944 287.9331 0004179 219.5673 140.5227 14.76430111 71643
GAOFEN 1-04             
1 43262U 18031D   19210.86539800  .00000014  00000-0  94117-5 0  9994
2 43262  97.9953 288.0528 0004528 148.7688 211.3786 14.76429498 71667
SENTINEL-3B             
1 43437U 18039A   19210.19145953 -.00000017  00000-0  10894-4 0  9997
2 43437  98.6276 276.5143 0001645  86.4149 273.7220 14.26736540 65504
GAOFEN 5                
1 43461U 18043A   19210.85027761 -.00000026  00000-0  42703-5 0  9993
2 43461  98.1646 148.3461 0001768   2.4228 357.6983 14.57761343 65150
GAOFEN 6                
1 43484U 18048A   19210.69720500  .00000004  00000-0  79568-5 0  9990
2 43484  98.0156 288.5291 0009723   6.0816 354.0510 14.76484472 62341
GAOFEN 11               
1 43585U 18063A   19210.83500572  .00000179  00000-0  10470-4 0  9999
2 43585  97.4114 290.0266 0016606 272.7846 226.2137 15.23574648 55966
AEOLUS                  
1 43600U 18066A   19210.55102681  .00017686  00000-0  69730-4 0  9992
2 43600  96.7186 216.7755 0002655  90.7961  27.6759 15.86895529 54008
ICESAT-2                
1 43613U 18070A   19209.84804954  .00000615  00000-0  22142-4 0  9993
2 43613  92.0041 333.9220 0003272  99.5847 260.5772 15.28264377 48313
HYSIS                   
1 43719U 18096A   19210.82296240  .00000030  00000-0  11165-4 0  9995
2 43719  97.9449 277.9743 0010068 187.5350 172.5704 14.78653959 35844
KAZSTSAT                
1 43783U 18099AB  19210.20295996  .00000192  00000-0  23539-4 0  9995
2 43783  97.7569 281.5653 0008908 173.5251 186.6085 14.93607107 35436
SAUDISAT 5A             
1 43831U 18102A   19210.83079618  .00000381  00000-0  28922-4 0  9995
2 43831  97.6032 286.0091 0014695 178.1829 316.2428 15.07908310 35362
SAUDISAT 5B             
1 43833U 18102C   19210.82871271  .00000341  00000-0  25999-4 0  9998
2 43833  97.6028 286.1577 0015367 186.3975 306.3514 15.08345152 35365
