ASTRA 1D                
1 23331U 94070A   19209.49792538 -.00000269  00000-0  00000+0 0  9997
2 23331   8.6604  44.1558 0003554  77.0991 290.8468  1.00275510 90945
ASTRA 1F                
1 23842U 96021A   19210.74178745  .00000137  00000-0  00000+0 0  9993
2 23842   0.0746 296.7387 0004515 194.5184 127.1560  1.00271361 85115
AMC-1 (GE-1)            
1 24315U 96054A   19210.74885377  .00000062  00000-0  00000+0 0  9998
2 24315   3.2128  80.8626 0002925  48.6482 316.2806  1.00272953 83818
AMC-2 (GE-2)            
1 24713U 97002A   19210.36368715 -.00000217  00000-0  00000+0 0  9997
2 24713   5.7574  62.0560 0005071  68.3424 222.3767  1.00272550 33104
AMC-3 (GE-3)            
1 24936U 97050A   19210.79037785 -.00000264  00000-0  00000+0 0  9996
2 24936   2.0582  88.1430 0002640  54.2079  17.3141  1.00270120 80239
NSS-5                   
1 24957U 97053A   19209.73793666  .00000103  00000-0  00000-0 0  9993
2 24957   5.3239  65.4950 0003595  63.5775 133.1906  1.00273914 79955
ASTRA 1G                
1 25071U 97076A   19210.74980250  .00000062  00000-0  00000+0 0  9999
2 25071   3.9200  75.0279 0002948  52.6385 146.6014  1.00270466 79322
ASTRA 2A                
1 25462U 98050A   19209.89147186 -.00000305  00000-0  00000-0 0  9995
2 25462   0.8661  97.0016 0002307  26.3066 243.8939  1.00270562 21149
ASTRA 1H                
1 25785U 99033A   19210.08660648 -.00000280  00000-0  00000+0 0  9992
2 25785   5.3074  65.6277 0002869  59.7949 145.1389  1.00272686 73563
AMC-4 (GE-4)            
1 25954U 99060A   19210.42688337  .00000087  00000-0  00000+0 0  9997
2 25954   0.0971 278.2317 0002297 208.7997 198.5257  1.00271998 72267
ASTRA 2B                
1 26494U 00054A   19209.87533322  .00000115  00000-0  00000-0 0  9995
2 26494   3.8139  75.6747 0004814  47.7751 157.2939  1.00270016 21663
AMC-7 (GE-7)            
1 26495U 00054B   19209.75118676  .00000088  00000-0  00000+0 0  9992
2 26495   0.5639  95.4102 0003107  34.7962 311.3225  1.00272237 69033
NSS-11 (AAP-1)          
1 26554U 00059A   19210.12194916  .00000025  00000-0  00000+0 0  9998
2 26554   0.0508 278.4420 0002279 190.0952  57.8529  1.00271384 68950
AMC-6 (GE-6)            
1 26580U 00067A   19209.85492003 -.00000215  00000-0  00000-0 0  9995
2 26580   0.0143 351.8412 0002315 146.0243  33.1320  1.00270902 68755
ASTRA 2D                
1 26638U 00081A   19210.29181431  .00000026  00000-0  00000+0 0  9993
2 26638   5.1460  66.3993 0001842  64.7600 285.6845  1.00271301 68161
AMC-8 (GE-8)            
1 26639U 00081B   19209.70016352  .00000106  00000-0  00000-0 0  9997
2 26639   0.0194  62.8881 0000780 102.4833 253.7355  1.00274378 68108
ASTRA 2C                
1 26853U 01025A   19210.80939528  .00000133  00000-0  00000+0 0  9995
2 26853   2.0839  87.8854 0002804  41.7195 132.6054  1.00273053 66362
ASTRA 3A                
1 27400U 02015B   19209.97966028 -.00000285  00000-0  00000+0 0  9994
2 27400   5.2831  65.1345 0002481  67.2877 119.6347  1.00272436 63498
NSS-7                   
1 27414U 02019A   19210.16993914 -.00000160  00000-0  00000+0 0  9992
2 27414   3.5223  78.8018 0002518  44.8184 224.0672  1.00271561 63344
NSS-6                   
1 27603U 02057A   19210.46507858 -.00000198  00000-0  00000+0 0  9996
2 27603   0.0632 265.2254 0004294 242.1950 240.0536  1.00271027 60870
AMC-11 (GE-11)          
1 28252U 04017A   19209.74563237  .00000070  00000-0  00000-0 0  9996
2 28252   0.0243 331.8165 0002487 156.7096 315.0110  1.00272074 55488
AMC-15                  
1 28446U 04041A   19209.85055823 -.00000088  00000-0  00000-0 0  9997
2 28446   0.0505 291.6578 0002480 197.5336  18.1696  1.00272955 54159
AMC-16                  
1 28472U 04048A   19210.71785413 -.00000208  00000-0  00000+0 0  9998
2 28472   0.0419 291.5312 0002584 204.5644 344.3995  1.00272247 53602
NSS-10 (AMC-12)         
1 28526U 05003A   19209.78035406 -.00000249  00000-0  00000+0 0  9990
2 28526   0.2677  96.9137 0002338  29.8343  62.8802  1.00277318 53099
ASTRA 1KR               
1 29055U 06012A   19209.87533322  .00000121  00000-0  00000-0 0  9998
2 29055   0.0874 268.4382 0003172 268.8481 103.2932  1.00275632 20519
AMC-18                  
1 29644U 06054B   19210.77703076  .00000102  00000-0  00000+0 0  9992
2 29644   0.0430 267.4757 0002101 196.3286 344.0293  1.00271359 46341
ASTRA 1L                
1 31306U 07016A   19209.87533322  .00000121  00000-0  00000-0 0  9995
2 31306   0.0984 288.8453 0000647 270.3167  81.4135  1.00274752 19827
ASTRA 4A (SIRIUS 4)     
1 32299U 07057A   19210.80564413  .00000030  00000-0  00000+0 0  9990
2 32299   0.0129  64.2866 0002603  68.1444 109.5649  1.00272456 42747
AMC-21                  
1 33275U 08038B   19210.70136308  .00000034  00000-0  00000+0 0  9996
2 33275   0.0383 299.8137 0002666 199.2680 295.5525  1.00270788 40257
ASTRA 1M                
1 33436U 08057A   19209.87533322  .00000121  00000-0  00000-0 0  9997
2 33436   0.0129 287.1690 0005347 210.8599 142.5163  1.00276424 20515
CIEL-2                  
1 33453U 08063A   19210.70724205  .00000056  00000-0  00000+0 0  9995
2 33453   0.0210  92.2627 0002686  39.1020 301.4501  1.00270854 38932
NSS-9                   
1 33749U 09008A   19210.12334492  .00000072  00000-0  00000+0 0  9992
2 33749   0.0527 289.0375 0001894 202.3647  42.5522  1.00271957 38342
SES-7 (PROTOSTAR 2)     
1 34941U 09027A   19209.89304212 -.00000344  00000-0  00000-0 0  9991
2 34941   0.0141  72.1019 0001301 157.5525 146.3468  1.00269122 37414
NSS-12                  
1 36032U 09058A   19210.45713677  .00000070  00000-0  00000+0 0  9995
2 36032   0.0112  48.2291 0002904  96.6418  23.5094  1.00272007 35713
SES-1                   
1 36516U 10016A   19209.85134336 -.00000113  00000-0  00000-0 0  9999
2 36516   0.0114  45.2688 0002272  84.3928  22.0385  1.00271549 33824
ASTRA 3B                
1 36581U 10021A   19210.80939528  .00000135  00000-0  00000+0 0  9992
2 36581   0.0294 354.9839 0003303 136.1968 130.8162  1.00271758 33439
SES-3                   
1 37748U 11035A   19210.19190675 -.00000102  00000-0  00000+0 0  9993
2 37748   0.0147  53.9950 0002382  78.9674 139.6781  1.00271562 29471
ASTRA 1N                
1 37775U 11041A   19210.10674483  .00000120  00000-0  00000+0 0  9994
2 37775   0.0491 330.6975 0004021 113.2997 280.0868  1.00273881 29189
SES-2                   
1 37809U 11049A   19210.72341106 -.00000198  00000-0  00000+0 0  9997
2 37809   0.0547 272.1554 0002307 212.0692 356.2798  1.00271441 28791
QUETZSAT 1              
1 37826U 11054A   19210.45952418 -.00000243  00000-0  00000+0 0  9997
2 37826   0.0288 324.5705 0002490 167.0769 263.5882  1.00270141 28889
SES-4                   
1 38087U 12007A   19210.08121223 -.00000168  00000-0  00000+0 0  9993
2 38087   0.0091  18.4713 0002529 116.4731 178.7180  1.00271032 27268
SES-5                   
1 38652U 12036A   19210.80573137  .00000032  00000-0  00000+0 0  9997
2 38652   0.0563 104.6317 0001719  20.1717 117.3939  1.00272003 25856
ASTRA 2F                
1 38778U 12051A   19209.87707795  .00000150  00000-0  00000-0 0  9999
2 38778   0.0875 245.2456 0002859 303.3017 101.5962  1.00271367 15944
SES-6                   
1 39172U 13026A   19209.86338191 -.00000260  00000-0  00000-0 0  9993
2 39172   0.0559 287.9240 0001835 221.7062  66.9003  1.00271093 22508
O3B FM5                 
1 39188U 13031A   19209.63082093 -.00000016  00000-0  00000-0 0  9997
2 39188   0.0607   5.7591 0002424 133.0009 221.2582  5.00115840111277
O3B FM4                 
1 39189U 13031B   19209.57765987 -.00000016  00000-0  00000-0 0  9991
2 39189   0.0333 359.2776 0002583 127.7967 232.9492  5.00116659111295
O3B FM2                 
1 39190U 13031C   19209.74871408 -.00000016  00000-0  00000-0 0  9998
2 39190   0.0290 354.2113 0006163  77.3705 288.4851  5.00115745111275
O3B PFM                 
1 39191U 13031D   19209.97662262 -.00000016  00000-0  00000+0 0  9999
2 39191   0.0519   5.7223 0001635  98.2508 256.0448  5.00115901111280
ASTRA 2E                
1 39285U 13056A   19209.87716517  .00000151  00000-0  00000-0 0  9992
2 39285   0.0556  31.2142 0002445  80.0577 179.2500  1.00272605 21246
SES-8                   
1 39460U 13071A   19209.90474262 -.00000269  00000-0  00000+0 0  9996
2 39460   0.0621 256.6960 0002549 225.5690 244.7189  1.00272045 20655
ASTRA 5B                
1 39617U 14011B   19209.87777582  .00000155  00000-0  00000-0 0  9996
2 39617   0.0323  61.5424 0003199  64.6485 167.5496  1.00268904 19449
O3B FM3                 
1 40079U 14038A   19209.88317630 -.00000016  00000-0  00000-0 0  9991
2 40079   0.0411   0.7313 0003509 167.3553 191.9215  5.00115949 87376
O3B FM7                 
1 40080U 14038B   19209.43030850 -.00000016  00000-0  00000-0 0  9990
2 40080   0.0383 342.2805 0002068  96.1268 281.6158  5.00115111 92142
O3B FM6                 
1 40081U 14038C   19209.65583045 -.00000016  00000-0  00000-0 0  9994
2 40081   0.0402   1.5996 0002576 125.0970 233.3270  5.00115178 92138
O3B FM8                 
1 40082U 14038D   19209.70915679 -.00000016  00000-0  00000-0 0  9993
2 40082   0.0370   2.1339 0002696 123.3789 234.5122  5.00115184 92241
O3B FM10                
1 40348U 14083A   19209.73580323 -.00000016  00000-0  00000-0 0  9995
2 40348   0.0471   8.9444 0002603 117.2596 233.8200  5.00115297 84217
O3B FM11                
1 40349U 14083B   19209.74934382 -.00000016  00000-0  00000-0 0  9995
2 40349   0.0491   3.6444 0002101 109.5199 246.8577  5.00115901 84211
O3B FM12                
1 40350U 14083C   19209.81665490 -.00000016  00000-0  00000-0 0  9996
2 40350   0.0480   3.9127 0002600 117.0240 239.0886  5.00115588 84215
O3B FM9                 
1 40351U 14083D   19209.60257180 -.00000016  00000-0  00000-0 0  9997
2 40351   0.0498   2.6611 0002546 123.7534 233.6089  5.00115198 84221
ASTRA 2G                
1 40364U 14089A   19210.81035486  .00000147  00000-0  00000+0 0  9998
2 40364   0.0399 321.2131 0003809 120.5672 185.2864  1.00269676 16802
SES-9                   
1 41380U 16013A   19209.89304212 -.00000345  00000-0  00000-0 0  9990
2 41380   0.0620 262.0617 0001670 209.3631 264.6230  1.00271916 12236
SES-10                  
1 42432U 17017A   19209.85814775 -.00000272  00000-0  00000-0 0  9999
2 42432   0.0104  41.5359 0002604  90.9387  55.7811  1.00272035  8541
SES-15                  
1 42709U 17026A   19209.68925090  .00000061  00000-0  00000-0 0  9995
2 42709   0.0165 330.7639 0000518 207.4030 246.8683  1.00271953  8921
SES-11 (ECHOSTAR 105)   
1 42967U 17063A   19209.85055823 -.00000088  00000-0  00000-0 0  9999
2 42967   0.0130 110.7592 0001876  60.8393 335.8750  1.00272503  6591
SES-14                  
1 43175U 18012B   19209.86537656 -.00000278  00000-0  00000-0 0  9997
2 43175   0.0156  25.3668 0000812 105.5790  79.3140  1.00271816  5850
O3B FM15                
1 43231U 18024A   19209.66917428 -.00000016  00000-0  00000-0 0  9990
2 43231   0.0466  13.1531 0002615 114.8127 232.0577  5.00115062 25321
O3B FM16                
1 43232U 18024B   19209.72251718 -.00000016  00000-0  00000-0 0  9991
2 43232   0.0471  18.2153 0002602 109.0655 232.7428  5.00115167 25331
O3B FM14                
1 43233U 18024C   19209.76342167 -.00000016  00000-0  00000-0 0  9995
2 43233   0.0467  20.0343 0002589 103.1032 236.8873  5.00116351 25332
O3B FM13                
1 43234U 18024D   19206.77835671 -.00000017  00000-0  00000-0 0  9992
2 43234   0.0455 349.1235 0000641 224.9294 145.9427  5.00116167 25165
SES-12                  
1 43488U 18049A   19210.18660564 -.00000270  00000-0  00000+0 0  9997
2 43488   0.0152  52.6746 0001511 191.6795 224.3659  1.00271508  4215
O3B FM20                
1 44112U 19020A   19210.38937425 -.00000016  00000-0  00000+0 0  9995
2 44112   0.0466   8.8903 0002279 118.6926 232.4375  5.00117248  5820
O3B FM19                
1 44113U 19020B   19209.70114018 -.00000016  00000-0  00000-0 0  9996
2 44113   0.0445   9.9787 0002760 111.9726 238.0754  5.00115329  5808
O3B FM17                
1 44114U 19020C   19209.69675014 -.00000016  00000-0  00000-0 0  9993
2 44114   0.0460  10.1723 0002585 117.6890 232.1620  5.00116741  5806
O3B FM18                
1 44115U 19020D   19209.64319499 -.00000016  00000-0  00000-0 0  9991
2 44115   0.0469   8.8137 0002752 118.8951 232.3161  5.00116355  5809
