BEIJING 1               
1 28890U 05043A   19210.89632990  .00000005  00000-0  10244-4 0  9998
2 28890  97.9857 345.0031 0014158 237.4787 122.5046 14.61262969733264
HJ-1A                   
1 33320U 08041A   19210.18265178  .00000019  00000-0  98641-5 0  9998
2 33320  97.8352 267.4306 0026769  50.3520 310.0047 14.77031778586739
HJ-1B                   
1 33321U 08041B   19210.20805540  .00000048  00000-0  13877-4 0  9994
2 33321  97.8428 269.3742 0035983  68.5513 291.9539 14.77146314586736
YAOGAN 4                
1 33446U 08061A   19210.85546302  .00000029  00000-0  11058-4 0  9991
2 33446  97.6775 176.0132 0015093 314.6032  45.3947 14.76964273574063
DEIMOS-1                
1 35681U 09041A   19210.07046599  .00000101  00000-0  23700-4 0  9998
2 35681  97.8588  90.5716 0002253  49.5330 310.6078 14.71793699536672
UK-DMC 2                
1 35683U 09041C   19210.69382901 -.00000091  00000-0 -74182-5 0  9999
2 35683  97.7358  65.2357 0002016  80.9861 279.1570 14.71105499536573
RISAT 1                 
1 38248U 12017A   19210.59414719  .00000106  00000-0  10447-4 0  9996
2 38248  97.5696 218.7613 0002609 279.8892  80.2043 15.09847267399769
DMC3-FM1                
1 40715U 15032A   19210.24024868 -.00000012  00000-0  58798-5 0  9991
2 40715  97.9658 105.3845 0015469 179.2379 180.8855 14.73676060217906
DMC3-FM2                
1 40716U 15032B   19210.39926120 -.00000011  00000-0  59101-5 0  9998
2 40716  97.9678 105.7981 0012625 187.5489 172.5521 14.73677156217937
DMC3-FM3                
1 40717U 15032C   19210.82858805 -.00002816  00000-0 -42369-3 0  9993
2 40717  97.9677 106.9159 0016337 179.1360 180.9907 14.73649768217991
