SAUDISAT 1C             
1 27607U 02058C   19210.21145384 -.00000046  00000-0  14411-4 0  9994
2 27607  64.5550 285.7131 0079882 248.7241 110.5318 14.75561129893019
SAUDISAT 2              
1 28371U 04025F   19210.46202044 -.00000101  00000-0 -13004-4 0  9993
2 28371  98.2310 158.4876 0026586 111.3944 249.0074 14.54347480800087
SAUDISAT 3              
1 31118U 07012B   19204.44798414 -.00000043  00000-0  68387-6 0  9997
2 31118  97.8176 170.7267 0014961 342.0374  18.0235 14.69136260657508
PISAT                   
1 41784U 16059B   19210.76070332  .00000060  00000-0  20798-4 0  9992
2 41784  98.0663 270.1673 0030640 251.9573 107.8290 14.63441202151561
FLYING LAPTOP           
1 42831U 17042G   19209.93132434  .00000057  00000-0  11205-4 0  9997
2 42831  97.5603 101.2050 0012642 289.1677  70.8173 14.91015781110931
