GORIZONT 1 [-]          
1 11158U 78118A   19209.58154149 -.00000001  00000-0  00000-0 0  9991
2 11158  13.0345 245.8614 3582333 225.2213  99.3042  1.00283285 97718
GORIZONT 2 [-]          
1 11440U 79062A   19210.28729880 -.00000223  00000-0  00000+0 0  9998
2 11440  11.5505 314.4249 0002786 291.6552 253.4770  1.00261384112792
GORIZONT 3 [-]          
1 11648U 79105A   19209.88257380  .00000081  00000-0  00000-0 0  9993
2 11648  11.6806 315.6788 0010473 188.0358 175.9172  1.00210606 97262
GORIZONT 4 [-]          
1 11841U 80049A   19209.81653622  .00000008  00000-0  00000-0 0  9998
2 11841  12.7480 320.5422 0003510 337.0541  27.1783  0.98627454208710
GORIZONT 5 [-]          
1 13092U 82020A   19209.54776237 -.00000199  00000-0  00000-0 0  9999
2 13092  13.6007 325.4609 0030950 184.2212 169.8151  0.98534064 96803
GORIZONT 6 [-]          
1 13624U 82103A   19209.57039447  .00000027  00000-0  00000-0 0  9999
2 13624  12.4832 325.3590 0001479 347.5316  70.5144  1.00372004 95726
GORIZONT 7 [-]          
1 14160U 83066A   19210.69092894 -.00000225  00000-0  00000+0 0  9994
2 14160  13.8902 333.6415 0012344 301.2916  70.6984  0.98349959130068
GORIZONT 8 [-]          
1 14532U 83118A   19209.08639924 -.00000180  00000-0  00000-0 0  9998
2 14532  14.0020 335.3281 0025820 116.4248 246.3533  0.98271384 95813
GORIZONT 9 [-]          
1 14940U 84041A   19209.84427355 -.00000081  00000-0  00000+0 0  9993
2 14940  13.2200 333.7229 0002666 240.3176 107.9699  1.00322118 96802
GORIZONT 10 [-]         
1 15144U 84078A   19209.55055392  .00000089  00000-0  00000+0 0  9993
2 15144  13.2785 334.7172 0003743 335.1238  24.5338  1.00288440129387
GORIZONT 11 [-]         
1 15484U 85007A   19209.51623681  .00000083  00000-0  00000-0 0  9996
2 15484  13.3849 336.5514 0001973  25.4727 348.9252  1.00366964127396
GORIZONT 12 [-]         
1 16769U 86044A   19209.80361131 -.00000353  00000-0  00000-0 0  9997
2 16769  13.7993 341.5742 0003019 305.0314  56.4745  1.00297200122050
GORIZONT 13 [-]         
1 17083U 86090A   19209.85631580 -.00000097  00000-0  00000-0 0  9996
2 17083  15.4290 348.0023 0017555 314.1331 236.8290  0.96725738 94315
GORIZONT 14 [-]         
1 17969U 87040A   19209.54222737 -.00000135  00000-0  00000-0 0  9994
2 17969  14.7282 340.0261 0027593 145.0301 211.5631  0.97659496 95282
GORIZONT 15 [-]         
1 19017U 88028A   19209.65619661 -.00000174  00000-0  00000-0 0  9998
2 19017  15.5606 351.1333 0033360 125.8239  65.6193  0.97829744 94897
GORIZONT 16 [-]         
1 19397U 88071A   19209.52034501  .00000121  00000-0  00000-0 0  9998
2 19397  14.4426 349.9423 0015760  17.8633 164.3754  0.99972494113089
GORIZONT 17 [-]         
1 19765U 89004A   19209.65584767 -.00000193  00000-0  00000-0 0  9992
2 19765  14.8475 353.0247 0019735  96.9481  90.8666  0.99068842110659
GORIZONT 18 [-]         
1 20107U 89052A   19210.32294758 -.00000184  00000-0  00000+0 0  9990
2 20107  14.8251 354.3234 0037756 291.8839 240.8623  0.99398826109408
GORIZONT 19 [-]         
1 20263U 89081A   19209.52139184  .00000114  00000-0  00000-0 0  9999
2 20263  14.5785 353.6847 0003864 285.7285 258.5479  1.00222612 22111
GORIZONT 20 [-]         
1 20659U 90054A   19210.68099125  .00000054  00000-0  00000+0 0  9991
2 20659  14.8786 356.5626 0002592 157.5034  92.9959  1.00293209106471
GORIZONT 21 [-]         
1 20923U 90094A   19210.72913825 -.00000171  00000-0  00000+0 0  9997
2 20923  14.8498 357.3450 0003003 238.5299 315.2017  1.00248263105228
GORIZONT 22 [-]         
1 20953U 90102A   19209.82168314 -.00000355  00000-0  00000-0 0  9999
2 20953  14.7925 357.6538 0006460 324.9107  29.2924  1.00181449105145
GORIZONT 23 [-]         
1 21533U 91046A   19209.89103569 -.00000079  00000-0  00000-0 0  9993
2 21533  15.3638   1.5457 0007327 298.0674  65.6834  0.98906776 21815
GORIZONT 24 [-]         
1 21759U 91074A   19209.92392365 -.00000022  00000-0  00000+0 0  9999
2 21759  15.4266   3.2755 0016674 209.2758 329.5199  0.98441916100279
GORIZONT 25 [-]         
1 21922U 92017A   19210.19726367 -.00000218  00000-0  00000+0 0  9990
2 21922  14.9885   2.8527 0027674  43.2458 254.9366  0.99846457 99824
GORIZONT 26 [-]         
1 22041U 92043A   19210.46184750 -.00000003  00000-0  00000+0 0  9998
2 22041  15.0642   4.6382 0029994 211.8866 337.7209  0.99239732 98537
GORIZONT 27 [-]         
1 22245U 92082A   19209.57014675  .00000010  00000-0  00000-0 0  9993
2 22245  14.9887   4.5751 0015448 331.0591 239.8991  1.00140467101916
GORIZONT 28 [-]         
1 22880U 93069A   19209.55552637  .00000083  00000-0  00000+0 0  9996
2 22880  14.9379   8.1514 0030731 100.2423 253.0480  0.99651891 94070
GORIZONT 29 [-]         
1 22907U 93072A   19210.69598862 -.00000033  00000-0  00000+0 0  9993
2 22907  14.8731   7.7524 0013698 312.0821  52.5502  1.00166246 94025
GORIZONT 30 [-]         
1 23108U 94030A   19209.72258316 -.00000217  00000-0  00000-0 0  9996
2 23108  14.8372   8.7195 0002426 295.9282 234.4340  1.00304824 92252
GORIZONT 31 [-]         
1 23775U 96005A   19210.73062126 -.00000177  00000-0  00000+0 0  9999
2 23775  14.4328  14.5223 0016843 182.7647   1.4205  0.99900052 85922
GORIZONT 32 [-]         
1 23880U 96034A   19209.52429502  .00000073  00000-0  00000-0 0  9993
2 23880  14.3522  15.1310 0012290 313.4044  29.6913  1.00156042 84847
GORIZONT 33 [-]         
1 26372U 00029A   19209.86537656 -.00000299  00000-0  00000-0 0  9999
2 26372  12.5118  25.3321 0002733 353.5333 191.8712  1.00204629 70208
