MTI                     
1 26102U 00014A   19209.61241298  .00001912  00000-0  31980-4 0  9998
2 26102  97.5477  70.2421 0007881 351.1294   8.9815 15.53290549 74057
CFESAT                  
1 30777U 07006F   19209.47810898  .00001028  00000-0  30948-4 0  9992
2 30777  35.4241 228.2301 0004719 129.3877 230.7268 15.35202316686456
SPIRALE A               
1 33751U 09008C   19209.81506050  .00000062  00000-0  20806-3 0  9999
2 33751   1.9723 153.9629 5405433  91.8129 327.4772  4.58711457146377
SPIRALE B               
1 33752U 09008D   19210.21460134  .00001386  00000-0  30026-3 0  9993
2 33752   2.1413 321.8186 6919136 110.8167 332.5840  2.74901773 95864
SAPPHIRE                
1 39088U 13009C   19209.86644284 -.00000015  00000-0  99313-5 0  9991
2 39088  98.4958  52.3603 0011676 163.2911 196.8661 14.34194550335976
