TDRS 3                  
1 19548U 88091B   19210.37092716 -.00000300  00000-0  00000+0 0  9994
2 19548  14.3212   0.3717 0032761 319.0948  72.0269  1.00274014100155
HST                     
1 20580U 90037B   19209.70364604  .00000319  00000-0  84174-5 0  9997
2 20580  28.4698 307.3593 0002583 191.6937 320.8404 15.09248316406941
TDRS 5                  
1 21639U 91054B   19210.71006483  .00000084  00000-0  00000+0 0  9993
2 21639  14.4005  13.6441 0022777   1.8447  19.9292  1.00282729102494
TDRS 6                  
1 22314U 93003B   19210.36902980 -.00000297  00000-0  00000+0 0  9995
2 22314  14.0651  16.7210 0002277  27.5951 349.3575  1.00276297 97168
TDRS 7                  
1 23613U 95035B   19210.54073288 -.00000199  00000-0  00000+0 0  9996
2 23613  14.2398   7.4176 0030137  27.9954 190.6932  1.00267450 87931
ISS (ZARYA)             
1 25544U 98067A   19211.03329231  .00004695  00000-0  87069-4 0  9995
2 25544  51.6437 148.6985 0006091 196.9496 269.4947 15.51024086181901
LANDSAT 7               
1 25682U 99020A   19210.51045592 -.00000003  00000-0  91783-5 0  9994
2 25682  98.1251 276.9191 0001513  91.3768 268.7607 14.57154763 79061
TERRA                   
1 25994U 99068A   19210.39362336  .00000047  00000-0  20504-4 0  9995
2 25994  98.2022 284.3220 0000984  79.1916 280.9404 14.57113873 43126
TDRS 8                  
1 26388U 00034A   19209.58574116 -.00000231  00000-0  00000-0 0  9999
2 26388   8.7253  49.8332 0010756 311.1274 244.8301  1.00264844 69951
TIMED                   
1 26998U 01055B   19209.49644353  .00000046  00000-0  90919-5 0  9997
2 26998  74.0706 220.0584 0001453 311.2306  48.8750 14.88121774956207
TDRS 9                  
1 27389U 02011A   19209.48662413 -.00000288  00000-0  00000-0 0  9997
2 27389   6.8194  70.4909 0018821 265.0779  83.2981  1.00270719 65216
AQUA                    
1 27424U 02022A   19209.94487332  .00000063  00000-0  24004-4 0  9999
2 27424  98.2044 150.1866 0000675 344.1758  81.8205 14.57113746916611
TDRS 10                 
1 27566U 02055A   19210.49913638  .00000088  00000-0  00000+0 0  9999
2 27566   6.3478  55.0745 0005575 309.3881 310.8438  1.00274965 61015
SORCE                   
1 27651U 03004A   19210.50188612 -.00000011  00000-0  12950-4 0  9996
2 27651  39.9968 336.4661 0024255 265.5885  94.2133 14.89015670895929
AURA                    
1 28376U 04026A   19210.48721554  .00000059  00000-0  23057-4 0  9992
2 28376  98.2041 152.8779 0001215  76.7123 283.4211 14.57113395799786
SWIFT                   
1 28485U 04047A   19210.17746617  .00000630  00000-0  12451-4 0  9990
2 28485  20.5563 134.6051 0010960 275.1417  84.7766 15.04408483804594
THEMIS A                
1 30580U 07004A   19210.19556348  .00000084  00000-0  00000+0 0  9992
2 30580   9.8535  85.3908 8387840 317.4178   2.4363  0.87837497 43851
THEMIS D                
1 30797U 07004D   19209.86903422  .00000068  00000-0  00000+0 0  9995
2 30797   8.6561  49.2435 8591291 358.6782   0.4584  0.71848996 43702
THEMIS E                
1 30798U 07004E   19209.60203571  .00000055  00000-0  00000+0 0  9992
2 30798   7.6462  65.5204 8425985 343.3354   1.1317  0.81733107 43934
AIM                     
1 31304U 07015A   19210.32274378  .00000310  00000-0  21494-4 0  9991
2 31304  97.9518  75.1572 0006072  38.9755 321.1911 15.13154699671669
FGRST (GLAST)           
1 33053U 08029A   19210.24370703  .00000359  00000-0  36701-5 0  9991
2 33053  25.5820 148.0580 0012195 213.8246 146.1512 15.11237147614236
WISE                    
1 36119U 09071A   19210.18518266  .00000394  00000-0  16283-4 0  9997
2 36119  97.3692 245.0105 0004341  95.1538 265.0198 15.29663618534244
TDRS 11                 
1 39070U 13004A   19209.75606347  .00000086  00000-0  00000-0 0  9990
2 39070   4.3077 329.8992 0002951  99.9870 333.9752  1.00271654 23769
TDRS 12                 
1 39504U 14004A   19209.86818498 -.00000262  00000-0  00000+0 0  9993
2 39504   5.0619 336.7567 0002545 208.0041  33.1369  1.00274494 20224
GPM-CORE                
1 39574U 14009C   19209.89377613  .00001013  00000-0  18917-4 0  9992
2 39574  65.0048 175.4924 0010971 283.9758  76.0168 15.55812087307566
MMS 1                   
1 40482U 15011A   19207.62638889 -.00001849  00000-0  00000-0 0  9998
2 40482  15.5982 118.8732 8999580  14.4698 328.6637  0.28566511 10280
MMS 2                   
1 40483U 15011B   19199.28700103 -.00001921  00000-0  00000+0 0  9990
2 40483  15.0348 118.5632 9015325  14.5663 191.4786  0.28513045 10238
MMS 3                   
1 40484U 15011C   19193.90211348 -.00002262  00000-0  10000-3 0  9996
2 40484  14.4968 118.3316 9015114  14.6870 358.1466  0.28396727 10226
MMS 4                   
1 40485U 15011D   19205.67013889 -.00001708  00000-0  00000+0 0  9994
2 40485  15.4854 118.8246 8997627  14.4615 127.5502  0.28576689 10250
TDRS 13                 
1 42915U 17047A   19209.79910778 -.00000091  00000-0  00000+0 0  9999
2 42915   6.0643 330.3764 0014609  96.1696 155.8499  1.00271901  7150
JPSS-1                  
1 43013U 17073A   19210.47843958 -.00000034  00000-0  44840-5 0  9993
2 43013  98.7214 148.0190 0001250 104.5093 255.6221 14.19559404 87692
