APRIZESAT 2             
1 28366U 04025A   19210.72612658 -.00000011  00000-0  10845-4 0  9991
2 28366  98.2965 109.0165 0106422 257.4580 101.4686 14.36678769790519
SAUDICOMSAT 1           
1 28369U 04025D   19210.12142242  .00000030  00000-0  18371-4 0  9997
2 28369  98.2928 158.7533 0033785 166.8927 193.3154 14.52502071798844
SAUDICOMSAT 2           
1 28370U 04025E   19210.13087420  .00000008  00000-0  14562-4 0  9999
2 28370  98.3891 154.7358 0057117 322.3432  37.3768 14.47437815796126
APRIZESAT 1             
1 28372U 04025G   19210.84543415 -.00000035  00000-0  30098-5 0  9994
2 28372  98.3476 157.0436 0045155 247.0105 112.6322 14.49594095797501
NANOSAT-1               
1 28493U 04049B   19210.23755689  .00000024  00000-0  11653-4 0  9997
2 28493  98.1360 294.4821 0005749  68.1934 291.9885 14.73512354784614
SAUDICOMSAT 7           
1 31119U 07012C   19209.85332027 -.00000001  00000-0  92293-5 0  9998
2 31119  98.0525 158.2227 0060604 155.3379 205.0742 14.61734104654637
SAUDICOMSAT 6           
1 31121U 07012E   19209.82066548  .00000004  00000-0  11156-4 0  9990
2 31121  98.1102 152.4840 0075426 236.7015 122.6945 14.58534455653202
SAUDICOMSAT 5           
1 31124U 07012H   19210.80635222  .00000016  00000-0  12208-4 0  9996
2 31124  98.0156 162.2587 0052944 111.4907 249.1953 14.63434932655547
SAUDICOMSAT 3           
1 31125U 07012J   19209.81571280  .00000016  00000-0  11777-4 0  9999
2 31125  97.9761 164.5990 0044718  74.9251 285.6894 14.65180741656139
SAUDICOMSAT 4           
1 31127U 07012L   19210.08718854 -.00000000  00000-0  97777-5 0  9991
2 31127  98.0817 155.9704 0067682 192.7896 167.1590 14.60247750654056
APRIZESAT 4             
1 35684U 09041D   19209.89223786 -.00000001  00000-0  74550-5 0  9994
2 35684  98.2286 175.1160 0048165 133.9675 226.5523 14.79214999539155
APRIZESAT 3             
1 35686U 09041F   19210.13544481  .00000016  00000-0  85223-5 0  9997
2 35686  98.2308 251.1477 0073499  25.4195 335.0606 14.87314634541920
AISSAT 1                
1 36797U 10035C   19210.37014669  .00000068  00000-0  14367-4 0  9999
2 36797  98.1270 346.2138 0011168   6.3727 353.7628 14.86194271489985
S-NET D                 
1 43186U 18014G   19209.80671973 -.00000011  00000-0  41463-5 0  9994
2 43186  97.7062 117.6744 0010024 226.8299 133.2085 14.96653911 81130
S-NET B                 
1 43187U 18014H   19210.34140265  .00000033  00000-0  79979-5 0  9997
2 43187  97.7060 118.1885 0010055 224.7195 135.3217 14.96654095 81210
S-NET A                 
1 43188U 18014J   19209.80634708 -.00000021  00000-0  32448-5 0  9995
2 43188  97.7063 117.6794 0010015 226.8924 133.1461 14.96653722 81130
S-NET C                 
1 43189U 18014K   19210.34154241  .00000040  00000-0  85734-5 0  9992
2 43189  97.7059 118.1858 0010051 224.6566 135.3847 14.96653517 79761
